/*--------------------------------*- C++ -*----------------------------------*\
  =========                 |
  \\      /  F ield         | OpenFOAM: The Open Source CFD Toolbox
   \\    /   O peration     | Website:  https://openfoam.org
    \\  /    A nd           | Version:  7
     \\/     M anipulation  |
\*---------------------------------------------------------------------------*/
FoamFile
{
    version     2.0;
    format      ascii;
    class       faceList;
    location    "constant/polyMesh";
    object      faces;
}
// * * * * * * * * * * * * * * * * * * * * * * * * * * * * * * * * * * * * * //


4289
(
4(133 259 1252 260)
4(8 260 1252 134)
4(132 258 1253 261)
4(260 261 1253 1252)
4(131 257 1254 262)
4(261 262 1254 1253)
4(130 256 1255 263)
4(262 263 1255 1254)
4(129 255 1256 264)
4(263 264 1256 1255)
4(128 254 1257 265)
4(264 265 1257 1256)
4(127 253 1258 266)
4(265 266 1258 1257)
4(126 252 1259 267)
4(266 267 1259 1258)
4(125 251 1260 268)
4(267 268 1260 1259)
4(124 250 1261 269)
4(268 269 1261 1260)
4(123 249 1262 270)
4(269 270 1262 1261)
4(122 248 1263 271)
4(270 271 1263 1262)
4(121 247 1264 272)
4(271 272 1264 1263)
4(120 246 1265 273)
4(272 273 1265 1264)
4(119 245 1266 274)
4(273 274 1266 1265)
4(118 244 1267 275)
4(274 275 1267 1266)
4(117 243 1268 276)
4(275 276 1268 1267)
4(116 242 1269 277)
4(276 277 1269 1268)
4(115 241 1270 278)
4(277 278 1270 1269)
4(114 240 1271 279)
4(278 279 1271 1270)
4(113 239 1272 280)
4(279 280 1272 1271)
4(112 238 1273 281)
4(280 281 1273 1272)
4(111 237 1274 282)
4(281 282 1274 1273)
4(110 236 1275 283)
4(282 283 1275 1274)
4(109 235 1276 284)
4(283 284 1276 1275)
4(108 234 1277 285)
4(284 285 1277 1276)
4(107 233 1278 286)
4(285 286 1278 1277)
4(106 232 1279 287)
4(286 287 1279 1278)
4(105 231 1280 288)
4(287 288 1280 1279)
4(104 230 1281 289)
4(288 289 1281 1280)
4(103 229 1282 290)
4(289 290 1282 1281)
4(290 102 228 1282)
4(260 1252 1283 291)
4(9 291 1283 135)
4(261 1253 1284 292)
4(291 292 1284 1283)
4(262 1254 1285 293)
4(292 293 1285 1284)
4(263 1255 1286 294)
4(293 294 1286 1285)
4(264 1256 1287 295)
4(294 295 1287 1286)
4(265 1257 1288 296)
4(295 296 1288 1287)
4(266 1258 1289 297)
4(296 297 1289 1288)
4(267 1259 1290 298)
4(297 298 1290 1289)
4(268 1260 1291 299)
4(298 299 1291 1290)
4(269 1261 1292 300)
4(299 300 1292 1291)
4(270 1262 1293 301)
4(300 301 1293 1292)
4(271 1263 1294 302)
4(301 302 1294 1293)
4(272 1264 1295 303)
4(302 303 1295 1294)
4(273 1265 1296 304)
4(303 304 1296 1295)
4(274 1266 1297 305)
4(304 305 1297 1296)
4(275 1267 1298 306)
4(305 306 1298 1297)
4(276 1268 1299 307)
4(306 307 1299 1298)
4(277 1269 1300 308)
4(307 308 1300 1299)
4(278 1270 1301 309)
4(308 309 1301 1300)
4(279 1271 1302 310)
4(309 310 1302 1301)
4(280 1272 1303 311)
4(310 311 1303 1302)
4(281 1273 1304 312)
4(311 312 1304 1303)
4(282 1274 1305 313)
4(312 313 1305 1304)
4(283 1275 1306 314)
4(313 314 1306 1305)
4(284 1276 1307 315)
4(314 315 1307 1306)
4(285 1277 1308 316)
4(315 316 1308 1307)
4(286 1278 1309 317)
4(316 317 1309 1308)
4(287 1279 1310 318)
4(317 318 1310 1309)
4(288 1280 1311 319)
4(318 319 1311 1310)
4(289 1281 1312 320)
4(319 320 1312 1311)
4(290 1282 1313 321)
4(320 321 1313 1312)
4(321 101 227 1313)
4(291 1283 1314 322)
4(10 322 1314 136)
4(292 1284 1315 323)
4(322 323 1315 1314)
4(293 1285 1316 324)
4(323 324 1316 1315)
4(294 1286 1317 325)
4(324 325 1317 1316)
4(295 1287 1318 326)
4(325 326 1318 1317)
4(296 1288 1319 327)
4(326 327 1319 1318)
4(297 1289 1320 328)
4(327 328 1320 1319)
4(298 1290 1321 329)
4(328 329 1321 1320)
4(299 1291 1322 330)
4(329 330 1322 1321)
4(300 1292 1323 331)
4(330 331 1323 1322)
4(301 1293 1324 332)
4(331 332 1324 1323)
4(302 1294 1325 333)
4(332 333 1325 1324)
4(303 1295 1326 334)
4(333 334 1326 1325)
4(304 1296 1327 335)
4(334 335 1327 1326)
4(305 1297 1328 336)
4(335 336 1328 1327)
4(306 1298 1329 337)
4(336 337 1329 1328)
4(307 1299 1330 338)
4(337 338 1330 1329)
4(308 1300 1331 339)
4(338 339 1331 1330)
4(309 1301 1332 340)
4(339 340 1332 1331)
4(310 1302 1333 341)
4(340 341 1333 1332)
4(311 1303 1334 342)
4(341 342 1334 1333)
4(312 1304 1335 343)
4(342 343 1335 1334)
4(313 1305 1336 344)
4(343 344 1336 1335)
4(314 1306 1337 345)
4(344 345 1337 1336)
4(315 1307 1338 346)
4(345 346 1338 1337)
4(316 1308 1339 347)
4(346 347 1339 1338)
4(317 1309 1340 348)
4(347 348 1340 1339)
4(318 1310 1341 349)
4(348 349 1341 1340)
4(319 1311 1342 350)
4(349 350 1342 1341)
4(320 1312 1343 351)
4(350 351 1343 1342)
4(321 1313 1344 352)
4(351 352 1344 1343)
4(352 100 226 1344)
4(322 1314 1345 353)
4(11 353 1345 137)
4(323 1315 1346 354)
4(353 354 1346 1345)
4(324 1316 1347 355)
4(354 355 1347 1346)
4(325 1317 1348 356)
4(355 356 1348 1347)
4(326 1318 1349 357)
4(356 357 1349 1348)
4(327 1319 1350 358)
4(357 358 1350 1349)
4(328 1320 1351 359)
4(358 359 1351 1350)
4(329 1321 1352 360)
4(359 360 1352 1351)
4(330 1322 1353 361)
4(360 361 1353 1352)
4(331 1323 1354 362)
4(361 362 1354 1353)
4(332 1324 1355 363)
4(362 363 1355 1354)
4(333 1325 1356 364)
4(363 364 1356 1355)
4(334 1326 1357 365)
4(364 365 1357 1356)
4(335 1327 1358 366)
4(365 366 1358 1357)
4(336 1328 1359 367)
4(366 367 1359 1358)
4(337 1329 1360 368)
4(367 368 1360 1359)
4(338 1330 1361 369)
4(368 369 1361 1360)
4(339 1331 1362 370)
4(369 370 1362 1361)
4(340 1332 1363 371)
4(370 371 1363 1362)
4(341 1333 1364 372)
4(371 372 1364 1363)
4(342 1334 1365 373)
4(372 373 1365 1364)
4(343 1335 1366 374)
4(373 374 1366 1365)
4(344 1336 1367 375)
4(374 375 1367 1366)
4(345 1337 1368 376)
4(375 376 1368 1367)
4(346 1338 1369 377)
4(376 377 1369 1368)
4(347 1339 1370 378)
4(377 378 1370 1369)
4(348 1340 1371 379)
4(378 379 1371 1370)
4(349 1341 1372 380)
4(379 380 1372 1371)
4(350 1342 1373 381)
4(380 381 1373 1372)
4(351 1343 1374 382)
4(381 382 1374 1373)
4(352 1344 1375 383)
4(382 383 1375 1374)
4(383 99 225 1375)
4(353 1345 1376 384)
4(12 384 1376 138)
4(354 1346 1377 385)
4(384 385 1377 1376)
4(355 1347 1378 386)
4(385 386 1378 1377)
4(356 1348 1379 387)
4(386 387 1379 1378)
4(357 1349 1380 388)
4(387 388 1380 1379)
4(358 1350 1381 389)
4(388 389 1381 1380)
4(359 1351 1382 390)
4(389 390 1382 1381)
4(360 1352 1383 391)
4(390 391 1383 1382)
4(361 1353 1384 392)
4(391 392 1384 1383)
4(362 1354 1385 393)
4(392 393 1385 1384)
4(363 1355 1386 394)
4(393 394 1386 1385)
4(364 1356 1387 395)
4(394 395 1387 1386)
4(365 1357 1388 396)
4(395 396 1388 1387)
4(366 1358 1389 397)
4(396 397 1389 1388)
4(367 1359 1390 398)
4(397 398 1390 1389)
4(368 1360 1391 399)
4(398 399 1391 1390)
4(369 1361 1392 400)
4(399 400 1392 1391)
4(370 1362 1393 401)
4(400 401 1393 1392)
4(371 1363 1394 402)
4(401 402 1394 1393)
4(372 1364 1395 403)
4(402 403 1395 1394)
4(373 1365 1396 404)
4(403 404 1396 1395)
4(374 1366 1397 405)
4(404 405 1397 1396)
4(375 1367 1398 406)
4(405 406 1398 1397)
4(376 1368 1399 407)
4(406 407 1399 1398)
4(377 1369 1400 408)
4(407 408 1400 1399)
4(378 1370 1401 409)
4(408 409 1401 1400)
4(379 1371 1402 410)
4(409 410 1402 1401)
4(380 1372 1403 411)
4(410 411 1403 1402)
4(381 1373 1404 412)
4(411 412 1404 1403)
4(382 1374 1405 413)
4(412 413 1405 1404)
4(383 1375 1406 414)
4(413 414 1406 1405)
4(414 98 224 1406)
4(384 1376 1407 415)
4(13 415 1407 139)
4(385 1377 1408 416)
4(415 416 1408 1407)
4(386 1378 1409 417)
4(416 417 1409 1408)
4(387 1379 1410 418)
4(417 418 1410 1409)
4(388 1380 1411 419)
4(418 419 1411 1410)
4(389 1381 1412 420)
4(419 420 1412 1411)
4(390 1382 1413 421)
4(420 421 1413 1412)
4(391 1383 1414 422)
4(421 422 1414 1413)
4(392 1384 1415 423)
4(422 423 1415 1414)
4(393 1385 1416 424)
4(423 424 1416 1415)
4(394 1386 1417 425)
4(424 425 1417 1416)
4(395 1387 1418 426)
4(425 426 1418 1417)
4(396 1388 1419 427)
4(426 427 1419 1418)
4(397 1389 1420 428)
4(427 428 1420 1419)
4(398 1390 1421 429)
4(428 429 1421 1420)
4(399 1391 1422 430)
4(429 430 1422 1421)
4(400 1392 1423 431)
4(430 431 1423 1422)
4(401 1393 1424 432)
4(431 432 1424 1423)
4(402 1394 1425 433)
4(432 433 1425 1424)
4(403 1395 1426 434)
4(433 434 1426 1425)
4(404 1396 1427 435)
4(434 435 1427 1426)
4(405 1397 1428 436)
4(435 436 1428 1427)
4(406 1398 1429 437)
4(436 437 1429 1428)
4(407 1399 1430 438)
4(437 438 1430 1429)
4(408 1400 1431 439)
4(438 439 1431 1430)
4(409 1401 1432 440)
4(439 440 1432 1431)
4(410 1402 1433 441)
4(440 441 1433 1432)
4(411 1403 1434 442)
4(441 442 1434 1433)
4(412 1404 1435 443)
4(442 443 1435 1434)
4(413 1405 1436 444)
4(443 444 1436 1435)
4(414 1406 1437 445)
4(444 445 1437 1436)
4(445 97 223 1437)
4(415 1407 1438 446)
4(14 446 1438 140)
4(416 1408 1439 447)
4(446 447 1439 1438)
4(417 1409 1440 448)
4(447 448 1440 1439)
4(418 1410 1441 449)
4(448 449 1441 1440)
4(419 1411 1442 450)
4(449 450 1442 1441)
4(420 1412 1443 451)
4(450 451 1443 1442)
4(421 1413 1444 452)
4(451 452 1444 1443)
4(422 1414 1445 453)
4(452 453 1445 1444)
4(423 1415 1446 454)
4(453 454 1446 1445)
4(424 1416 1447 455)
4(454 455 1447 1446)
4(425 1417 1448 456)
4(455 456 1448 1447)
4(426 1418 1449 457)
4(456 457 1449 1448)
4(427 1419 1450 458)
4(457 458 1450 1449)
4(428 1420 1451 459)
4(458 459 1451 1450)
4(429 1421 1452 460)
4(459 460 1452 1451)
4(430 1422 1453 461)
4(460 461 1453 1452)
4(431 1423 1454 462)
4(461 462 1454 1453)
4(432 1424 1455 463)
4(462 463 1455 1454)
4(433 1425 1456 464)
4(463 464 1456 1455)
4(434 1426 1457 465)
4(464 465 1457 1456)
4(435 1427 1458 466)
4(465 466 1458 1457)
4(436 1428 1459 467)
4(466 467 1459 1458)
4(437 1429 1460 468)
4(467 468 1460 1459)
4(438 1430 1461 469)
4(468 469 1461 1460)
4(439 1431 1462 470)
4(469 470 1462 1461)
4(440 1432 1463 471)
4(470 471 1463 1462)
4(441 1433 1464 472)
4(471 472 1464 1463)
4(442 1434 1465 473)
4(472 473 1465 1464)
4(443 1435 1466 474)
4(473 474 1466 1465)
4(444 1436 1467 475)
4(474 475 1467 1466)
4(445 1437 1468 476)
4(475 476 1468 1467)
4(476 96 222 1468)
4(446 1438 1469 477)
4(15 477 1469 141)
4(447 1439 1470 478)
4(477 478 1470 1469)
4(448 1440 1471 479)
4(478 479 1471 1470)
4(449 1441 1472 480)
4(479 480 1472 1471)
4(450 1442 1473 481)
4(480 481 1473 1472)
4(451 1443 1474 482)
4(481 482 1474 1473)
4(452 1444 1475 483)
4(482 483 1475 1474)
4(453 1445 1476 484)
4(483 484 1476 1475)
4(454 1446 1477 485)
4(484 485 1477 1476)
4(455 1447 1478 486)
4(485 486 1478 1477)
4(456 1448 1479 487)
4(486 487 1479 1478)
4(457 1449 1480 488)
4(487 488 1480 1479)
4(458 1450 1481 489)
4(488 489 1481 1480)
4(459 1451 1482 490)
4(489 490 1482 1481)
4(460 1452 1483 491)
4(490 491 1483 1482)
4(461 1453 1484 492)
4(491 492 1484 1483)
4(462 1454 1485 493)
4(492 493 1485 1484)
4(463 1455 1486 494)
4(493 494 1486 1485)
4(464 1456 1487 495)
4(494 495 1487 1486)
4(465 1457 1488 496)
4(495 496 1488 1487)
4(466 1458 1489 497)
4(496 497 1489 1488)
4(467 1459 1490 498)
4(497 498 1490 1489)
4(468 1460 1491 499)
4(498 499 1491 1490)
4(469 1461 1492 500)
4(499 500 1492 1491)
4(470 1462 1493 501)
4(500 501 1493 1492)
4(471 1463 1494 502)
4(501 502 1494 1493)
4(472 1464 1495 503)
4(502 503 1495 1494)
4(473 1465 1496 504)
4(503 504 1496 1495)
4(474 1466 1497 505)
4(504 505 1497 1496)
4(475 1467 1498 506)
4(505 506 1498 1497)
4(476 1468 1499 507)
4(506 507 1499 1498)
4(507 95 221 1499)
4(477 1469 1500 508)
4(16 508 1500 142)
4(478 1470 1501 509)
4(508 509 1501 1500)
4(479 1471 1502 510)
4(509 510 1502 1501)
4(480 1472 1503 511)
4(510 511 1503 1502)
4(481 1473 1504 512)
4(511 512 1504 1503)
4(482 1474 1505 513)
4(512 513 1505 1504)
4(483 1475 1506 514)
4(513 514 1506 1505)
4(484 1476 1507 515)
4(514 515 1507 1506)
4(485 1477 1508 516)
4(515 516 1508 1507)
4(486 1478 1509 517)
4(516 517 1509 1508)
4(487 1479 1510 518)
4(517 518 1510 1509)
4(488 1480 1511 519)
4(518 519 1511 1510)
4(489 1481 1512 520)
4(519 520 1512 1511)
4(490 1482 1513 521)
4(520 521 1513 1512)
4(491 1483 1514 522)
4(521 522 1514 1513)
4(492 1484 1515 523)
4(522 523 1515 1514)
4(493 1485 1516 524)
4(523 524 1516 1515)
4(494 1486 1517 525)
4(524 525 1517 1516)
4(495 1487 1518 526)
4(525 526 1518 1517)
4(496 1488 1519 527)
4(526 527 1519 1518)
4(497 1489 1520 528)
4(527 528 1520 1519)
4(498 1490 1521 529)
4(528 529 1521 1520)
4(499 1491 1522 530)
4(529 530 1522 1521)
4(500 1492 1523 531)
4(530 531 1523 1522)
4(501 1493 1524 532)
4(531 532 1524 1523)
4(502 1494 1525 533)
4(532 533 1525 1524)
4(503 1495 1526 534)
4(533 534 1526 1525)
4(504 1496 1527 535)
4(534 535 1527 1526)
4(505 1497 1528 536)
4(535 536 1528 1527)
4(506 1498 1529 537)
4(536 537 1529 1528)
4(507 1499 1530 538)
4(537 538 1530 1529)
4(538 94 220 1530)
4(508 1500 1531 539)
4(17 539 1531 143)
4(509 1501 1532 540)
4(539 540 1532 1531)
4(510 1502 1533 541)
4(540 541 1533 1532)
4(511 1503 1534 542)
4(541 542 1534 1533)
4(512 1504 1535 543)
4(542 543 1535 1534)
4(513 1505 1536 544)
4(543 544 1536 1535)
4(514 1506 1537 545)
4(544 545 1537 1536)
4(515 1507 1538 546)
4(545 546 1538 1537)
4(516 1508 1539 547)
4(546 547 1539 1538)
4(517 1509 1540 548)
4(547 548 1540 1539)
4(518 1510 1541 549)
4(548 549 1541 1540)
4(519 1511 1542 550)
4(549 550 1542 1541)
4(520 1512 1543 551)
4(550 551 1543 1542)
4(521 1513 1544 552)
4(551 552 1544 1543)
4(522 1514 1545 553)
4(552 553 1545 1544)
4(523 1515 1546 554)
4(553 554 1546 1545)
4(524 1516 1547 555)
4(554 555 1547 1546)
4(525 1517 1548 556)
4(555 556 1548 1547)
4(526 1518 1549 557)
4(556 557 1549 1548)
4(527 1519 1550 558)
4(557 558 1550 1549)
4(528 1520 1551 559)
4(558 559 1551 1550)
4(529 1521 1552 560)
4(559 560 1552 1551)
4(530 1522 1553 561)
4(560 561 1553 1552)
4(531 1523 1554 562)
4(561 562 1554 1553)
4(532 1524 1555 563)
4(562 563 1555 1554)
4(533 1525 1556 564)
4(563 564 1556 1555)
4(534 1526 1557 565)
4(564 565 1557 1556)
4(535 1527 1558 566)
4(565 566 1558 1557)
4(536 1528 1559 567)
4(566 567 1559 1558)
4(537 1529 1560 568)
4(567 568 1560 1559)
4(538 1530 1561 569)
4(568 569 1561 1560)
4(569 93 219 1561)
4(539 1531 1562 570)
4(18 570 1562 144)
4(540 1532 1563 571)
4(570 571 1563 1562)
4(541 1533 1564 572)
4(571 572 1564 1563)
4(542 1534 1565 573)
4(572 573 1565 1564)
4(543 1535 1566 574)
4(573 574 1566 1565)
4(544 1536 1567 575)
4(574 575 1567 1566)
4(545 1537 1568 576)
4(575 576 1568 1567)
4(546 1538 1569 577)
4(576 577 1569 1568)
4(547 1539 1570 578)
4(577 578 1570 1569)
4(548 1540 1571 579)
4(578 579 1571 1570)
4(549 1541 1572 580)
4(579 580 1572 1571)
4(550 1542 1573 581)
4(580 581 1573 1572)
4(551 1543 1574 582)
4(581 582 1574 1573)
4(552 1544 1575 583)
4(582 583 1575 1574)
4(553 1545 1576 584)
4(583 584 1576 1575)
4(554 1546 1577 585)
4(584 585 1577 1576)
4(555 1547 1578 586)
4(585 586 1578 1577)
4(556 1548 1579 587)
4(586 587 1579 1578)
4(557 1549 1580 588)
4(587 588 1580 1579)
4(558 1550 1581 589)
4(588 589 1581 1580)
4(559 1551 1582 590)
4(589 590 1582 1581)
4(560 1552 1583 591)
4(590 591 1583 1582)
4(561 1553 1584 592)
4(591 592 1584 1583)
4(562 1554 1585 593)
4(592 593 1585 1584)
4(563 1555 1586 594)
4(593 594 1586 1585)
4(564 1556 1587 595)
4(594 595 1587 1586)
4(565 1557 1588 596)
4(595 596 1588 1587)
4(566 1558 1589 597)
4(596 597 1589 1588)
4(567 1559 1590 598)
4(597 598 1590 1589)
4(568 1560 1591 599)
4(598 599 1591 1590)
4(569 1561 1592 600)
4(599 600 1592 1591)
4(600 92 218 1592)
4(570 1562 1593 601)
4(19 601 1593 145)
4(571 1563 1594 602)
4(601 602 1594 1593)
4(572 1564 1595 603)
4(602 603 1595 1594)
4(573 1565 1596 604)
4(603 604 1596 1595)
4(574 1566 1597 605)
4(604 605 1597 1596)
4(575 1567 1598 606)
4(605 606 1598 1597)
4(576 1568 1599 607)
4(606 607 1599 1598)
4(577 1569 1600 608)
4(607 608 1600 1599)
4(578 1570 1601 609)
4(608 609 1601 1600)
4(579 1571 1602 610)
4(609 610 1602 1601)
4(580 1572 1603 611)
4(610 611 1603 1602)
4(581 1573 1604 612)
4(611 612 1604 1603)
4(582 1574 1605 613)
4(612 613 1605 1604)
4(583 1575 1606 614)
4(613 614 1606 1605)
4(584 1576 1607 615)
4(614 615 1607 1606)
4(585 1577 1608 616)
4(615 616 1608 1607)
4(586 1578 1609 617)
4(616 617 1609 1608)
4(587 1579 1610 618)
4(617 618 1610 1609)
4(588 1580 1611 619)
4(618 619 1611 1610)
4(589 1581 1612 620)
4(619 620 1612 1611)
4(590 1582 1613 621)
4(620 621 1613 1612)
4(591 1583 1614 622)
4(621 622 1614 1613)
4(592 1584 1615 623)
4(622 623 1615 1614)
4(593 1585 1616 624)
4(623 624 1616 1615)
4(594 1586 1617 625)
4(624 625 1617 1616)
4(595 1587 1618 626)
4(625 626 1618 1617)
4(596 1588 1619 627)
4(626 627 1619 1618)
4(597 1589 1620 628)
4(627 628 1620 1619)
4(598 1590 1621 629)
4(628 629 1621 1620)
4(599 1591 1622 630)
4(629 630 1622 1621)
4(600 1592 1623 631)
4(630 631 1623 1622)
4(631 91 217 1623)
4(601 1593 1624 632)
4(20 632 1624 146)
4(602 1594 1625 633)
4(632 633 1625 1624)
4(603 1595 1626 634)
4(633 634 1626 1625)
4(604 1596 1627 635)
4(634 635 1627 1626)
4(605 1597 1628 636)
4(635 636 1628 1627)
4(606 1598 1629 637)
4(636 637 1629 1628)
4(607 1599 1630 638)
4(637 638 1630 1629)
4(608 1600 1631 639)
4(638 639 1631 1630)
4(609 1601 1632 640)
4(639 640 1632 1631)
4(610 1602 1633 641)
4(640 641 1633 1632)
4(611 1603 1634 642)
4(641 642 1634 1633)
4(612 1604 1635 643)
4(642 643 1635 1634)
4(613 1605 1636 644)
4(643 644 1636 1635)
4(614 1606 1637 645)
4(644 645 1637 1636)
4(615 1607 1638 646)
4(645 646 1638 1637)
4(616 1608 1639 647)
4(646 647 1639 1638)
4(617 1609 1640 648)
4(647 648 1640 1639)
4(618 1610 1641 649)
4(648 649 1641 1640)
4(619 1611 1642 650)
4(649 650 1642 1641)
4(620 1612 1643 651)
4(650 651 1643 1642)
4(621 1613 1644 652)
4(651 652 1644 1643)
4(622 1614 1645 653)
4(652 653 1645 1644)
4(623 1615 1646 654)
4(653 654 1646 1645)
4(624 1616 1647 655)
4(654 655 1647 1646)
4(625 1617 1648 656)
4(655 656 1648 1647)
4(626 1618 1649 657)
4(656 657 1649 1648)
4(627 1619 1650 658)
4(657 658 1650 1649)
4(628 1620 1651 659)
4(658 659 1651 1650)
4(629 1621 1652 660)
4(659 660 1652 1651)
4(630 1622 1653 661)
4(660 661 1653 1652)
4(631 1623 1654 662)
4(661 662 1654 1653)
4(662 90 216 1654)
4(632 1624 1655 663)
4(21 663 1655 147)
4(633 1625 1656 664)
4(663 664 1656 1655)
4(634 1626 1657 665)
4(664 665 1657 1656)
4(635 1627 1658 666)
4(665 666 1658 1657)
4(636 1628 1659 667)
4(666 667 1659 1658)
4(637 1629 1660 668)
4(667 668 1660 1659)
4(638 1630 1661 669)
4(668 669 1661 1660)
4(639 1631 1662 670)
4(669 670 1662 1661)
4(640 1632 1663 671)
4(670 671 1663 1662)
4(641 1633 1664 672)
4(671 672 1664 1663)
4(642 1634 1665 673)
4(672 673 1665 1664)
4(643 1635 1666 674)
4(673 674 1666 1665)
4(644 1636 1667 675)
4(674 675 1667 1666)
4(645 1637 1668 676)
4(675 676 1668 1667)
4(646 1638 1669 677)
4(676 677 1669 1668)
4(647 1639 1670 678)
4(677 678 1670 1669)
4(648 1640 1671 679)
4(678 679 1671 1670)
4(649 1641 1672 680)
4(679 680 1672 1671)
4(650 1642 1673 681)
4(680 681 1673 1672)
4(651 1643 1674 682)
4(681 682 1674 1673)
4(652 1644 1675 683)
4(682 683 1675 1674)
4(653 1645 1676 684)
4(683 684 1676 1675)
4(654 1646 1677 685)
4(684 685 1677 1676)
4(655 1647 1678 686)
4(685 686 1678 1677)
4(656 1648 1679 687)
4(686 687 1679 1678)
4(657 1649 1680 688)
4(687 688 1680 1679)
4(658 1650 1681 689)
4(688 689 1681 1680)
4(659 1651 1682 690)
4(689 690 1682 1681)
4(660 1652 1683 691)
4(690 691 1683 1682)
4(661 1653 1684 692)
4(691 692 1684 1683)
4(662 1654 1685 693)
4(692 693 1685 1684)
4(693 89 215 1685)
4(663 1655 1686 694)
4(22 694 1686 148)
4(664 1656 1687 695)
4(694 695 1687 1686)
4(665 1657 1688 696)
4(695 696 1688 1687)
4(666 1658 1689 697)
4(696 697 1689 1688)
4(667 1659 1690 698)
4(697 698 1690 1689)
4(668 1660 1691 699)
4(698 699 1691 1690)
4(669 1661 1692 700)
4(699 700 1692 1691)
4(670 1662 1693 701)
4(700 701 1693 1692)
4(671 1663 1694 702)
4(701 702 1694 1693)
4(672 1664 1695 703)
4(702 703 1695 1694)
4(673 1665 1696 704)
4(703 704 1696 1695)
4(674 1666 1697 705)
4(704 705 1697 1696)
4(675 1667 1698 706)
4(705 706 1698 1697)
4(676 1668 1699 707)
4(706 707 1699 1698)
4(677 1669 1700 708)
4(707 708 1700 1699)
4(678 1670 1701 709)
4(708 709 1701 1700)
4(679 1671 1702 710)
4(709 710 1702 1701)
4(680 1672 1703 711)
4(710 711 1703 1702)
4(681 1673 1704 712)
4(711 712 1704 1703)
4(682 1674 1705 713)
4(712 713 1705 1704)
4(683 1675 1706 714)
4(713 714 1706 1705)
4(684 1676 1707 715)
4(714 715 1707 1706)
4(685 1677 1708 716)
4(715 716 1708 1707)
4(686 1678 1709 717)
4(716 717 1709 1708)
4(687 1679 1710 718)
4(717 718 1710 1709)
4(688 1680 1711 719)
4(718 719 1711 1710)
4(689 1681 1712 720)
4(719 720 1712 1711)
4(690 1682 1713 721)
4(720 721 1713 1712)
4(691 1683 1714 722)
4(721 722 1714 1713)
4(692 1684 1715 723)
4(722 723 1715 1714)
4(693 1685 1716 724)
4(723 724 1716 1715)
4(724 88 214 1716)
4(694 1686 1717 725)
4(23 725 1717 149)
4(695 1687 1718 726)
4(725 726 1718 1717)
4(696 1688 1719 727)
4(726 727 1719 1718)
4(697 1689 1720 728)
4(727 728 1720 1719)
4(698 1690 1721 729)
4(728 729 1721 1720)
4(699 1691 1722 730)
4(729 730 1722 1721)
4(700 1692 1723 731)
4(730 731 1723 1722)
4(701 1693 1724 732)
4(731 732 1724 1723)
4(702 1694 1725 733)
4(732 733 1725 1724)
4(703 1695 1726 734)
4(733 734 1726 1725)
4(704 1696 1727 735)
4(734 735 1727 1726)
4(705 1697 1728 736)
4(735 736 1728 1727)
4(706 1698 1729 737)
4(736 737 1729 1728)
4(707 1699 1730 738)
4(737 738 1730 1729)
4(708 1700 1731 739)
4(738 739 1731 1730)
4(709 1701 1732 740)
4(739 740 1732 1731)
4(710 1702 1733 741)
4(740 741 1733 1732)
4(711 1703 1734 742)
4(741 742 1734 1733)
4(712 1704 1735 743)
4(742 743 1735 1734)
4(713 1705 1736 744)
4(743 744 1736 1735)
4(714 1706 1737 745)
4(744 745 1737 1736)
4(715 1707 1738 746)
4(745 746 1738 1737)
4(716 1708 1739 747)
4(746 747 1739 1738)
4(717 1709 1740 748)
4(747 748 1740 1739)
4(718 1710 1741 749)
4(748 749 1741 1740)
4(719 1711 1742 750)
4(749 750 1742 1741)
4(720 1712 1743 751)
4(750 751 1743 1742)
4(721 1713 1744 752)
4(751 752 1744 1743)
4(722 1714 1745 753)
4(752 753 1745 1744)
4(723 1715 1746 754)
4(753 754 1746 1745)
4(724 1716 1747 755)
4(754 755 1747 1746)
4(755 87 213 1747)
4(725 1717 1748 756)
4(24 756 1748 150)
4(726 1718 1749 757)
4(756 757 1749 1748)
4(727 1719 1750 758)
4(757 758 1750 1749)
4(728 1720 1751 759)
4(758 759 1751 1750)
4(729 1721 1752 760)
4(759 760 1752 1751)
4(730 1722 1753 761)
4(760 761 1753 1752)
4(731 1723 1754 762)
4(761 762 1754 1753)
4(732 1724 1755 763)
4(762 763 1755 1754)
4(733 1725 1756 764)
4(763 764 1756 1755)
4(734 1726 1757 765)
4(764 765 1757 1756)
4(735 1727 1758 766)
4(765 766 1758 1757)
4(736 1728 1759 767)
4(766 767 1759 1758)
4(737 1729 1760 768)
4(767 768 1760 1759)
4(738 1730 1761 769)
4(768 769 1761 1760)
4(739 1731 1762 770)
4(769 770 1762 1761)
4(740 1732 1763 771)
4(770 771 1763 1762)
4(741 1733 1764 772)
4(771 772 1764 1763)
4(742 1734 1765 773)
4(772 773 1765 1764)
4(743 1735 1766 774)
4(773 774 1766 1765)
4(744 1736 1767 775)
4(774 775 1767 1766)
4(745 1737 1768 776)
4(775 776 1768 1767)
4(746 1738 1769 777)
4(776 777 1769 1768)
4(747 1739 1770 778)
4(777 778 1770 1769)
4(748 1740 1771 779)
4(778 779 1771 1770)
4(749 1741 1772 780)
4(779 780 1772 1771)
4(750 1742 1773 781)
4(780 781 1773 1772)
4(751 1743 1774 782)
4(781 782 1774 1773)
4(752 1744 1775 783)
4(782 783 1775 1774)
4(753 1745 1776 784)
4(783 784 1776 1775)
4(754 1746 1777 785)
4(784 785 1777 1776)
4(755 1747 1778 786)
4(785 786 1778 1777)
4(786 86 212 1778)
4(756 1748 1779 787)
4(25 787 1779 151)
4(757 1749 1780 788)
4(787 788 1780 1779)
4(758 1750 1781 789)
4(788 789 1781 1780)
4(759 1751 1782 790)
4(789 790 1782 1781)
4(760 1752 1783 791)
4(790 791 1783 1782)
4(761 1753 1784 792)
4(791 792 1784 1783)
4(762 1754 1785 793)
4(792 793 1785 1784)
4(763 1755 1786 794)
4(793 794 1786 1785)
4(764 1756 1787 795)
4(794 795 1787 1786)
4(765 1757 1788 796)
4(795 796 1788 1787)
4(766 1758 1789 797)
4(796 797 1789 1788)
4(767 1759 1790 798)
4(797 798 1790 1789)
4(768 1760 1791 799)
4(798 799 1791 1790)
4(769 1761 1792 800)
4(799 800 1792 1791)
4(770 1762 1793 801)
4(800 801 1793 1792)
4(771 1763 1794 802)
4(801 802 1794 1793)
4(772 1764 1795 803)
4(802 803 1795 1794)
4(773 1765 1796 804)
4(803 804 1796 1795)
4(774 1766 1797 805)
4(804 805 1797 1796)
4(775 1767 1798 806)
4(805 806 1798 1797)
4(776 1768 1799 807)
4(806 807 1799 1798)
4(777 1769 1800 808)
4(807 808 1800 1799)
4(778 1770 1801 809)
4(808 809 1801 1800)
4(779 1771 1802 810)
4(809 810 1802 1801)
4(780 1772 1803 811)
4(810 811 1803 1802)
4(781 1773 1804 812)
4(811 812 1804 1803)
4(782 1774 1805 813)
4(812 813 1805 1804)
4(783 1775 1806 814)
4(813 814 1806 1805)
4(784 1776 1807 815)
4(814 815 1807 1806)
4(785 1777 1808 816)
4(815 816 1808 1807)
4(786 1778 1809 817)
4(816 817 1809 1808)
4(817 85 211 1809)
4(787 1779 1810 818)
4(26 818 1810 152)
4(788 1780 1811 819)
4(818 819 1811 1810)
4(789 1781 1812 820)
4(819 820 1812 1811)
4(790 1782 1813 821)
4(820 821 1813 1812)
4(791 1783 1814 822)
4(821 822 1814 1813)
4(792 1784 1815 823)
4(822 823 1815 1814)
4(793 1785 1816 824)
4(823 824 1816 1815)
4(794 1786 1817 825)
4(824 825 1817 1816)
4(795 1787 1818 826)
4(825 826 1818 1817)
4(796 1788 1819 827)
4(826 827 1819 1818)
4(797 1789 1820 828)
4(827 828 1820 1819)
4(798 1790 1821 829)
4(828 829 1821 1820)
4(799 1791 1822 830)
4(829 830 1822 1821)
4(800 1792 1823 831)
4(830 831 1823 1822)
4(801 1793 1824 832)
4(831 832 1824 1823)
4(802 1794 1825 833)
4(832 833 1825 1824)
4(803 1795 1826 834)
4(833 834 1826 1825)
4(804 1796 1827 835)
4(834 835 1827 1826)
4(805 1797 1828 836)
4(835 836 1828 1827)
4(806 1798 1829 837)
4(836 837 1829 1828)
4(807 1799 1830 838)
4(837 838 1830 1829)
4(808 1800 1831 839)
4(838 839 1831 1830)
4(809 1801 1832 840)
4(839 840 1832 1831)
4(810 1802 1833 841)
4(840 841 1833 1832)
4(811 1803 1834 842)
4(841 842 1834 1833)
4(812 1804 1835 843)
4(842 843 1835 1834)
4(813 1805 1836 844)
4(843 844 1836 1835)
4(814 1806 1837 845)
4(844 845 1837 1836)
4(815 1807 1838 846)
4(845 846 1838 1837)
4(816 1808 1839 847)
4(846 847 1839 1838)
4(817 1809 1840 848)
4(847 848 1840 1839)
4(848 84 210 1840)
4(818 1810 1841 849)
4(27 849 1841 153)
4(819 1811 1842 850)
4(849 850 1842 1841)
4(820 1812 1843 851)
4(850 851 1843 1842)
4(821 1813 1844 852)
4(851 852 1844 1843)
4(822 1814 1845 853)
4(852 853 1845 1844)
4(823 1815 1846 854)
4(853 854 1846 1845)
4(824 1816 1847 855)
4(854 855 1847 1846)
4(825 1817 1848 856)
4(855 856 1848 1847)
4(826 1818 1849 857)
4(856 857 1849 1848)
4(827 1819 1850 858)
4(857 858 1850 1849)
4(828 1820 1851 859)
4(858 859 1851 1850)
4(829 1821 1852 860)
4(859 860 1852 1851)
4(830 1822 1853 861)
4(860 861 1853 1852)
4(831 1823 1854 862)
4(861 862 1854 1853)
4(832 1824 1855 863)
4(862 863 1855 1854)
4(833 1825 1856 864)
4(863 864 1856 1855)
4(834 1826 1857 865)
4(864 865 1857 1856)
4(835 1827 1858 866)
4(865 866 1858 1857)
4(836 1828 1859 867)
4(866 867 1859 1858)
4(837 1829 1860 868)
4(867 868 1860 1859)
4(838 1830 1861 869)
4(868 869 1861 1860)
4(839 1831 1862 870)
4(869 870 1862 1861)
4(840 1832 1863 871)
4(870 871 1863 1862)
4(841 1833 1864 872)
4(871 872 1864 1863)
4(842 1834 1865 873)
4(872 873 1865 1864)
4(843 1835 1866 874)
4(873 874 1866 1865)
4(844 1836 1867 875)
4(874 875 1867 1866)
4(845 1837 1868 876)
4(875 876 1868 1867)
4(846 1838 1869 877)
4(876 877 1869 1868)
4(847 1839 1870 878)
4(877 878 1870 1869)
4(848 1840 1871 879)
4(878 879 1871 1870)
4(879 83 209 1871)
4(849 1841 1872 880)
4(28 880 1872 154)
4(850 1842 1873 881)
4(880 881 1873 1872)
4(851 1843 1874 882)
4(881 882 1874 1873)
4(852 1844 1875 883)
4(882 883 1875 1874)
4(853 1845 1876 884)
4(883 884 1876 1875)
4(854 1846 1877 885)
4(884 885 1877 1876)
4(855 1847 1878 886)
4(885 886 1878 1877)
4(856 1848 1879 887)
4(886 887 1879 1878)
4(857 1849 1880 888)
4(887 888 1880 1879)
4(858 1850 1881 889)
4(888 889 1881 1880)
4(859 1851 1882 890)
4(889 890 1882 1881)
4(860 1852 1883 891)
4(890 891 1883 1882)
4(861 1853 1884 892)
4(891 892 1884 1883)
4(862 1854 1885 893)
4(892 893 1885 1884)
4(863 1855 1886 894)
4(893 894 1886 1885)
4(864 1856 1887 895)
4(894 895 1887 1886)
4(865 1857 1888 896)
4(895 896 1888 1887)
4(866 1858 1889 897)
4(896 897 1889 1888)
4(867 1859 1890 898)
4(897 898 1890 1889)
4(868 1860 1891 899)
4(898 899 1891 1890)
4(869 1861 1892 900)
4(899 900 1892 1891)
4(870 1862 1893 901)
4(900 901 1893 1892)
4(871 1863 1894 902)
4(901 902 1894 1893)
4(872 1864 1895 903)
4(902 903 1895 1894)
4(873 1865 1896 904)
4(903 904 1896 1895)
4(874 1866 1897 905)
4(904 905 1897 1896)
4(875 1867 1898 906)
4(905 906 1898 1897)
4(876 1868 1899 907)
4(906 907 1899 1898)
4(877 1869 1900 908)
4(907 908 1900 1899)
4(878 1870 1901 909)
4(908 909 1901 1900)
4(879 1871 1902 910)
4(909 910 1902 1901)
4(910 82 208 1902)
4(880 1872 1903 911)
4(29 911 1903 155)
4(881 1873 1904 912)
4(911 912 1904 1903)
4(882 1874 1905 913)
4(912 913 1905 1904)
4(883 1875 1906 914)
4(913 914 1906 1905)
4(884 1876 1907 915)
4(914 915 1907 1906)
4(885 1877 1908 916)
4(915 916 1908 1907)
4(886 1878 1909 917)
4(916 917 1909 1908)
4(887 1879 1910 918)
4(917 918 1910 1909)
4(888 1880 1911 919)
4(918 919 1911 1910)
4(889 1881 1912 920)
4(919 920 1912 1911)
4(890 1882 1913 921)
4(920 921 1913 1912)
4(891 1883 1914 922)
4(921 922 1914 1913)
4(892 1884 1915 923)
4(922 923 1915 1914)
4(893 1885 1916 924)
4(923 924 1916 1915)
4(894 1886 1917 925)
4(924 925 1917 1916)
4(895 1887 1918 926)
4(925 926 1918 1917)
4(896 1888 1919 927)
4(926 927 1919 1918)
4(897 1889 1920 928)
4(927 928 1920 1919)
4(898 1890 1921 929)
4(928 929 1921 1920)
4(899 1891 1922 930)
4(929 930 1922 1921)
4(900 1892 1923 931)
4(930 931 1923 1922)
4(901 1893 1924 932)
4(931 932 1924 1923)
4(902 1894 1925 933)
4(932 933 1925 1924)
4(903 1895 1926 934)
4(933 934 1926 1925)
4(904 1896 1927 935)
4(934 935 1927 1926)
4(905 1897 1928 936)
4(935 936 1928 1927)
4(906 1898 1929 937)
4(936 937 1929 1928)
4(907 1899 1930 938)
4(937 938 1930 1929)
4(908 1900 1931 939)
4(938 939 1931 1930)
4(909 1901 1932 940)
4(939 940 1932 1931)
4(910 1902 1933 941)
4(940 941 1933 1932)
4(941 81 207 1933)
4(911 1903 1934 942)
4(30 942 1934 156)
4(912 1904 1935 943)
4(942 943 1935 1934)
4(913 1905 1936 944)
4(943 944 1936 1935)
4(914 1906 1937 945)
4(944 945 1937 1936)
4(915 1907 1938 946)
4(945 946 1938 1937)
4(916 1908 1939 947)
4(946 947 1939 1938)
4(917 1909 1940 948)
4(947 948 1940 1939)
4(918 1910 1941 949)
4(948 949 1941 1940)
4(919 1911 1942 950)
4(949 950 1942 1941)
4(920 1912 1943 951)
4(950 951 1943 1942)
4(921 1913 1944 952)
4(951 952 1944 1943)
4(922 1914 1945 953)
4(952 953 1945 1944)
4(923 1915 1946 954)
4(953 954 1946 1945)
4(924 1916 1947 955)
4(954 955 1947 1946)
4(925 1917 1948 956)
4(955 956 1948 1947)
4(926 1918 1949 957)
4(956 957 1949 1948)
4(927 1919 1950 958)
4(957 958 1950 1949)
4(928 1920 1951 959)
4(958 959 1951 1950)
4(929 1921 1952 960)
4(959 960 1952 1951)
4(930 1922 1953 961)
4(960 961 1953 1952)
4(931 1923 1954 962)
4(961 962 1954 1953)
4(932 1924 1955 963)
4(962 963 1955 1954)
4(933 1925 1956 964)
4(963 964 1956 1955)
4(934 1926 1957 965)
4(964 965 1957 1956)
4(935 1927 1958 966)
4(965 966 1958 1957)
4(936 1928 1959 967)
4(966 967 1959 1958)
4(937 1929 1960 968)
4(967 968 1960 1959)
4(938 1930 1961 969)
4(968 969 1961 1960)
4(939 1931 1962 970)
4(969 970 1962 1961)
4(940 1932 1963 971)
4(970 971 1963 1962)
4(941 1933 1964 972)
4(971 972 1964 1963)
4(972 80 206 1964)
4(942 1934 1965 973)
4(31 973 1965 157)
4(943 1935 1966 974)
4(973 974 1966 1965)
4(944 1936 1967 975)
4(974 975 1967 1966)
4(945 1937 1968 976)
4(975 976 1968 1967)
4(946 1938 1969 977)
4(976 977 1969 1968)
4(947 1939 1970 978)
4(977 978 1970 1969)
4(948 1940 1971 979)
4(978 979 1971 1970)
4(949 1941 1972 980)
4(979 980 1972 1971)
4(950 1942 1973 981)
4(980 981 1973 1972)
4(951 1943 1974 982)
4(981 982 1974 1973)
4(952 1944 1975 983)
4(982 983 1975 1974)
4(953 1945 1976 984)
4(983 984 1976 1975)
4(954 1946 1977 985)
4(984 985 1977 1976)
4(955 1947 1978 986)
4(985 986 1978 1977)
4(956 1948 1979 987)
4(986 987 1979 1978)
4(957 1949 1980 988)
4(987 988 1980 1979)
4(958 1950 1981 989)
4(988 989 1981 1980)
4(959 1951 1982 990)
4(989 990 1982 1981)
4(960 1952 1983 991)
4(990 991 1983 1982)
4(961 1953 1984 992)
4(991 992 1984 1983)
4(962 1954 1985 993)
4(992 993 1985 1984)
4(963 1955 1986 994)
4(993 994 1986 1985)
4(964 1956 1987 995)
4(994 995 1987 1986)
4(965 1957 1988 996)
4(995 996 1988 1987)
4(966 1958 1989 997)
4(996 997 1989 1988)
4(967 1959 1990 998)
4(997 998 1990 1989)
4(968 1960 1991 999)
4(998 999 1991 1990)
4(969 1961 1992 1000)
4(999 1000 1992 1991)
4(970 1962 1993 1001)
4(1000 1001 1993 1992)
4(971 1963 1994 1002)
4(1001 1002 1994 1993)
4(972 1964 1995 1003)
4(1002 1003 1995 1994)
4(1003 79 205 1995)
4(973 1965 1996 1004)
4(32 1004 1996 158)
4(974 1966 1997 1005)
4(1004 1005 1997 1996)
4(975 1967 1998 1006)
4(1005 1006 1998 1997)
4(976 1968 1999 1007)
4(1006 1007 1999 1998)
4(977 1969 2000 1008)
4(1007 1008 2000 1999)
4(978 1970 2001 1009)
4(1008 1009 2001 2000)
4(979 1971 2002 1010)
4(1009 1010 2002 2001)
4(980 1972 2003 1011)
4(1010 1011 2003 2002)
4(981 1973 2004 1012)
4(1011 1012 2004 2003)
4(982 1974 2005 1013)
4(1012 1013 2005 2004)
4(983 1975 2006 1014)
4(1013 1014 2006 2005)
4(984 1976 2007 1015)
4(1014 1015 2007 2006)
4(985 1977 2008 1016)
4(1015 1016 2008 2007)
4(986 1978 2009 1017)
4(1016 1017 2009 2008)
4(987 1979 2010 1018)
4(1017 1018 2010 2009)
4(988 1980 2011 1019)
4(1018 1019 2011 2010)
4(989 1981 2012 1020)
4(1019 1020 2012 2011)
4(990 1982 2013 1021)
4(1020 1021 2013 2012)
4(991 1983 2014 1022)
4(1021 1022 2014 2013)
4(992 1984 2015 1023)
4(1022 1023 2015 2014)
4(993 1985 2016 1024)
4(1023 1024 2016 2015)
4(994 1986 2017 1025)
4(1024 1025 2017 2016)
4(995 1987 2018 1026)
4(1025 1026 2018 2017)
4(996 1988 2019 1027)
4(1026 1027 2019 2018)
4(997 1989 2020 1028)
4(1027 1028 2020 2019)
4(998 1990 2021 1029)
4(1028 1029 2021 2020)
4(999 1991 2022 1030)
4(1029 1030 2022 2021)
4(1000 1992 2023 1031)
4(1030 1031 2023 2022)
4(1001 1993 2024 1032)
4(1031 1032 2024 2023)
4(1002 1994 2025 1033)
4(1032 1033 2025 2024)
4(1003 1995 2026 1034)
4(1033 1034 2026 2025)
4(1034 78 204 2026)
4(1004 1996 2027 1035)
4(33 1035 2027 159)
4(1005 1997 2028 1036)
4(1035 1036 2028 2027)
4(1006 1998 2029 1037)
4(1036 1037 2029 2028)
4(1007 1999 2030 1038)
4(1037 1038 2030 2029)
4(1008 2000 2031 1039)
4(1038 1039 2031 2030)
4(1009 2001 2032 1040)
4(1039 1040 2032 2031)
4(1010 2002 2033 1041)
4(1040 1041 2033 2032)
4(1011 2003 2034 1042)
4(1041 1042 2034 2033)
4(1012 2004 2035 1043)
4(1042 1043 2035 2034)
4(1013 2005 2036 1044)
4(1043 1044 2036 2035)
4(1014 2006 2037 1045)
4(1044 1045 2037 2036)
4(1015 2007 2038 1046)
4(1045 1046 2038 2037)
4(1016 2008 2039 1047)
4(1046 1047 2039 2038)
4(1017 2009 2040 1048)
4(1047 1048 2040 2039)
4(1018 2010 2041 1049)
4(1048 1049 2041 2040)
4(1019 2011 2042 1050)
4(1049 1050 2042 2041)
4(1020 2012 2043 1051)
4(1050 1051 2043 2042)
4(1021 2013 2044 1052)
4(1051 1052 2044 2043)
4(1022 2014 2045 1053)
4(1052 1053 2045 2044)
4(1023 2015 2046 1054)
4(1053 1054 2046 2045)
4(1024 2016 2047 1055)
4(1054 1055 2047 2046)
4(1025 2017 2048 1056)
4(1055 1056 2048 2047)
4(1026 2018 2049 1057)
4(1056 1057 2049 2048)
4(1027 2019 2050 1058)
4(1057 1058 2050 2049)
4(1028 2020 2051 1059)
4(1058 1059 2051 2050)
4(1029 2021 2052 1060)
4(1059 1060 2052 2051)
4(1030 2022 2053 1061)
4(1060 1061 2053 2052)
4(1031 2023 2054 1062)
4(1061 1062 2054 2053)
4(1032 2024 2055 1063)
4(1062 1063 2055 2054)
4(1033 2025 2056 1064)
4(1063 1064 2056 2055)
4(1034 2026 2057 1065)
4(1064 1065 2057 2056)
4(1065 77 203 2057)
4(1035 2027 2058 1066)
4(34 1066 2058 160)
4(1036 2028 2059 1067)
4(1066 1067 2059 2058)
4(1037 2029 2060 1068)
4(1067 1068 2060 2059)
4(1038 2030 2061 1069)
4(1068 1069 2061 2060)
4(1039 2031 2062 1070)
4(1069 1070 2062 2061)
4(1040 2032 2063 1071)
4(1070 1071 2063 2062)
4(1041 2033 2064 1072)
4(1071 1072 2064 2063)
4(1042 2034 2065 1073)
4(1072 1073 2065 2064)
4(1043 2035 2066 1074)
4(1073 1074 2066 2065)
4(1044 2036 2067 1075)
4(1074 1075 2067 2066)
4(1045 2037 2068 1076)
4(1075 1076 2068 2067)
4(1046 2038 2069 1077)
4(1076 1077 2069 2068)
4(1047 2039 2070 1078)
4(1077 1078 2070 2069)
4(1048 2040 2071 1079)
4(1078 1079 2071 2070)
4(1049 2041 2072 1080)
4(1079 1080 2072 2071)
4(1050 2042 2073 1081)
4(1080 1081 2073 2072)
4(1051 2043 2074 1082)
4(1081 1082 2074 2073)
4(1052 2044 2075 1083)
4(1082 1083 2075 2074)
4(1053 2045 2076 1084)
4(1083 1084 2076 2075)
4(1054 2046 2077 1085)
4(1084 1085 2077 2076)
4(1055 2047 2078 1086)
4(1085 1086 2078 2077)
4(1056 2048 2079 1087)
4(1086 1087 2079 2078)
4(1057 2049 2080 1088)
4(1087 1088 2080 2079)
4(1058 2050 2081 1089)
4(1088 1089 2081 2080)
4(1059 2051 2082 1090)
4(1089 1090 2082 2081)
4(1060 2052 2083 1091)
4(1090 1091 2083 2082)
4(1061 2053 2084 1092)
4(1091 1092 2084 2083)
4(1062 2054 2085 1093)
4(1092 1093 2085 2084)
4(1063 2055 2086 1094)
4(1093 1094 2086 2085)
4(1064 2056 2087 1095)
4(1094 1095 2087 2086)
4(1065 2057 2088 1096)
4(1095 1096 2088 2087)
4(1096 76 202 2088)
4(1066 2058 2089 1097)
4(35 1097 2089 161)
4(1067 2059 2090 1098)
4(1097 1098 2090 2089)
4(1068 2060 2091 1099)
4(1098 1099 2091 2090)
4(1069 2061 2092 1100)
4(1099 1100 2092 2091)
4(1070 2062 2093 1101)
4(1100 1101 2093 2092)
4(1071 2063 2094 1102)
4(1101 1102 2094 2093)
4(1072 2064 2095 1103)
4(1102 1103 2095 2094)
4(1073 2065 2096 1104)
4(1103 1104 2096 2095)
4(1074 2066 2097 1105)
4(1104 1105 2097 2096)
4(1075 2067 2098 1106)
4(1105 1106 2098 2097)
4(1076 2068 2099 1107)
4(1106 1107 2099 2098)
4(1077 2069 2100 1108)
4(1107 1108 2100 2099)
4(1078 2070 2101 1109)
4(1108 1109 2101 2100)
4(1079 2071 2102 1110)
4(1109 1110 2102 2101)
4(1080 2072 2103 1111)
4(1110 1111 2103 2102)
4(1081 2073 2104 1112)
4(1111 1112 2104 2103)
4(1082 2074 2105 1113)
4(1112 1113 2105 2104)
4(1083 2075 2106 1114)
4(1113 1114 2106 2105)
4(1084 2076 2107 1115)
4(1114 1115 2107 2106)
4(1085 2077 2108 1116)
4(1115 1116 2108 2107)
4(1086 2078 2109 1117)
4(1116 1117 2109 2108)
4(1087 2079 2110 1118)
4(1117 1118 2110 2109)
4(1088 2080 2111 1119)
4(1118 1119 2111 2110)
4(1089 2081 2112 1120)
4(1119 1120 2112 2111)
4(1090 2082 2113 1121)
4(1120 1121 2113 2112)
4(1091 2083 2114 1122)
4(1121 1122 2114 2113)
4(1092 2084 2115 1123)
4(1122 1123 2115 2114)
4(1093 2085 2116 1124)
4(1123 1124 2116 2115)
4(1094 2086 2117 1125)
4(1124 1125 2117 2116)
4(1095 2087 2118 1126)
4(1125 1126 2118 2117)
4(1096 2088 2119 1127)
4(1126 1127 2119 2118)
4(1127 75 201 2119)
4(1097 2089 2120 1128)
4(36 1128 2120 162)
4(1098 2090 2121 1129)
4(1128 1129 2121 2120)
4(1099 2091 2122 1130)
4(1129 1130 2122 2121)
4(1100 2092 2123 1131)
4(1130 1131 2123 2122)
4(1101 2093 2124 1132)
4(1131 1132 2124 2123)
4(1102 2094 2125 1133)
4(1132 1133 2125 2124)
4(1103 2095 2126 1134)
4(1133 1134 2126 2125)
4(1104 2096 2127 1135)
4(1134 1135 2127 2126)
4(1105 2097 2128 1136)
4(1135 1136 2128 2127)
4(1106 2098 2129 1137)
4(1136 1137 2129 2128)
4(1107 2099 2130 1138)
4(1137 1138 2130 2129)
4(1108 2100 2131 1139)
4(1138 1139 2131 2130)
4(1109 2101 2132 1140)
4(1139 1140 2132 2131)
4(1110 2102 2133 1141)
4(1140 1141 2133 2132)
4(1111 2103 2134 1142)
4(1141 1142 2134 2133)
4(1112 2104 2135 1143)
4(1142 1143 2135 2134)
4(1113 2105 2136 1144)
4(1143 1144 2136 2135)
4(1114 2106 2137 1145)
4(1144 1145 2137 2136)
4(1115 2107 2138 1146)
4(1145 1146 2138 2137)
4(1116 2108 2139 1147)
4(1146 1147 2139 2138)
4(1117 2109 2140 1148)
4(1147 1148 2140 2139)
4(1118 2110 2141 1149)
4(1148 1149 2141 2140)
4(1119 2111 2142 1150)
4(1149 1150 2142 2141)
4(1120 2112 2143 1151)
4(1150 1151 2143 2142)
4(1121 2113 2144 1152)
4(1151 1152 2144 2143)
4(1122 2114 2145 1153)
4(1152 1153 2145 2144)
4(1123 2115 2146 1154)
4(1153 1154 2146 2145)
4(1124 2116 2147 1155)
4(1154 1155 2147 2146)
4(1125 2117 2148 1156)
4(1155 1156 2148 2147)
4(1126 2118 2149 1157)
4(1156 1157 2149 2148)
4(1127 2119 2150 1158)
4(1157 1158 2150 2149)
4(1158 74 200 2150)
4(1128 2120 2151 1159)
4(37 1159 2151 163)
4(1129 2121 2152 1160)
4(1159 1160 2152 2151)
4(1130 2122 2153 1161)
4(1160 1161 2153 2152)
4(1131 2123 2154 1162)
4(1161 1162 2154 2153)
4(1132 2124 2155 1163)
4(1162 1163 2155 2154)
4(1133 2125 2156 1164)
4(1163 1164 2156 2155)
4(1134 2126 2157 1165)
4(1164 1165 2157 2156)
4(1135 2127 2158 1166)
4(1165 1166 2158 2157)
4(1136 2128 2159 1167)
4(1166 1167 2159 2158)
4(1137 2129 2160 1168)
4(1167 1168 2160 2159)
4(1138 2130 2161 1169)
4(1168 1169 2161 2160)
4(1139 2131 2162 1170)
4(1169 1170 2162 2161)
4(1140 2132 2163 1171)
4(1170 1171 2163 2162)
4(1141 2133 2164 1172)
4(1171 1172 2164 2163)
4(1142 2134 2165 1173)
4(1172 1173 2165 2164)
4(1143 2135 2166 1174)
4(1173 1174 2166 2165)
4(1144 2136 2167 1175)
4(1174 1175 2167 2166)
4(1145 2137 2168 1176)
4(1175 1176 2168 2167)
4(1146 2138 2169 1177)
4(1176 1177 2169 2168)
4(1147 2139 2170 1178)
4(1177 1178 2170 2169)
4(1148 2140 2171 1179)
4(1178 1179 2171 2170)
4(1149 2141 2172 1180)
4(1179 1180 2172 2171)
4(1150 2142 2173 1181)
4(1180 1181 2173 2172)
4(1151 2143 2174 1182)
4(1181 1182 2174 2173)
4(1152 2144 2175 1183)
4(1182 1183 2175 2174)
4(1153 2145 2176 1184)
4(1183 1184 2176 2175)
4(1154 2146 2177 1185)
4(1184 1185 2177 2176)
4(1155 2147 2178 1186)
4(1185 1186 2178 2177)
4(1156 2148 2179 1187)
4(1186 1187 2179 2178)
4(1157 2149 2180 1188)
4(1187 1188 2180 2179)
4(1158 2150 2181 1189)
4(1188 1189 2181 2180)
4(1189 73 199 2181)
4(1159 2151 2182 1190)
4(38 1190 2182 164)
4(1160 2152 2183 1191)
4(1190 1191 2183 2182)
4(1161 2153 2184 1192)
4(1191 1192 2184 2183)
4(1162 2154 2185 1193)
4(1192 1193 2185 2184)
4(1163 2155 2186 1194)
4(1193 1194 2186 2185)
4(1164 2156 2187 1195)
4(1194 1195 2187 2186)
4(1165 2157 2188 1196)
4(1195 1196 2188 2187)
4(1166 2158 2189 1197)
4(1196 1197 2189 2188)
4(1167 2159 2190 1198)
4(1197 1198 2190 2189)
4(1168 2160 2191 1199)
4(1198 1199 2191 2190)
4(1169 2161 2192 1200)
4(1199 1200 2192 2191)
4(1170 2162 2193 1201)
4(1200 1201 2193 2192)
4(1171 2163 2194 1202)
4(1201 1202 2194 2193)
4(1172 2164 2195 1203)
4(1202 1203 2195 2194)
4(1173 2165 2196 1204)
4(1203 1204 2196 2195)
4(1174 2166 2197 1205)
4(1204 1205 2197 2196)
4(1175 2167 2198 1206)
4(1205 1206 2198 2197)
4(1176 2168 2199 1207)
4(1206 1207 2199 2198)
4(1177 2169 2200 1208)
4(1207 1208 2200 2199)
4(1178 2170 2201 1209)
4(1208 1209 2201 2200)
4(1179 2171 2202 1210)
4(1209 1210 2202 2201)
4(1180 2172 2203 1211)
4(1210 1211 2203 2202)
4(1181 2173 2204 1212)
4(1211 1212 2204 2203)
4(1182 2174 2205 1213)
4(1212 1213 2205 2204)
4(1183 2175 2206 1214)
4(1213 1214 2206 2205)
4(1184 2176 2207 1215)
4(1214 1215 2207 2206)
4(1185 2177 2208 1216)
4(1215 1216 2208 2207)
4(1186 2178 2209 1217)
4(1216 1217 2209 2208)
4(1187 2179 2210 1218)
4(1217 1218 2210 2209)
4(1188 2180 2211 1219)
4(1218 1219 2211 2210)
4(1189 2181 2212 1220)
4(1219 1220 2212 2211)
4(1220 72 198 2212)
4(1190 2182 2213 1221)
4(39 1221 2213 165)
4(1191 2183 2214 1222)
4(1221 1222 2214 2213)
4(1192 2184 2215 1223)
4(1222 1223 2215 2214)
4(1193 2185 2216 1224)
4(1223 1224 2216 2215)
4(1194 2186 2217 1225)
4(1224 1225 2217 2216)
4(1195 2187 2218 1226)
4(1225 1226 2218 2217)
4(1196 2188 2219 1227)
4(1226 1227 2219 2218)
4(1197 2189 2220 1228)
4(1227 1228 2220 2219)
4(1198 2190 2221 1229)
4(1228 1229 2221 2220)
4(1199 2191 2222 1230)
4(1229 1230 2222 2221)
4(1200 2192 2223 1231)
4(1230 1231 2223 2222)
4(1201 2193 2224 1232)
4(1231 1232 2224 2223)
4(1202 2194 2225 1233)
4(1232 1233 2225 2224)
4(1203 2195 2226 1234)
4(1233 1234 2226 2225)
4(1204 2196 2227 1235)
4(1234 1235 2227 2226)
4(1205 2197 2228 1236)
4(1235 1236 2228 2227)
4(1206 2198 2229 1237)
4(1236 1237 2229 2228)
4(1207 2199 2230 1238)
4(1237 1238 2230 2229)
4(1208 2200 2231 1239)
4(1238 1239 2231 2230)
4(1209 2201 2232 1240)
4(1239 1240 2232 2231)
4(1210 2202 2233 1241)
4(1240 1241 2233 2232)
4(1211 2203 2234 1242)
4(1241 1242 2234 2233)
4(1212 2204 2235 1243)
4(1242 1243 2235 2234)
4(1213 2205 2236 1244)
4(1243 1244 2236 2235)
4(1214 2206 2237 1245)
4(1244 1245 2237 2236)
4(1215 2207 2238 1246)
4(1245 1246 2238 2237)
4(1216 2208 2239 1247)
4(1246 1247 2239 2238)
4(1217 2209 2240 1248)
4(1247 1248 2240 2239)
4(1218 2210 2241 1249)
4(1248 1249 2241 2240)
4(1219 2211 2242 1250)
4(1249 1250 2242 2241)
4(1220 2212 2243 1251)
4(1250 1251 2243 2242)
4(1251 71 197 2243)
4(1221 2213 166 40)
4(1222 2214 167 41)
4(1223 2215 168 42)
4(1224 2216 169 43)
4(1225 2217 170 44)
4(1226 2218 171 45)
4(1227 2219 172 46)
4(1228 2220 173 47)
4(1229 2221 174 48)
4(1230 2222 175 49)
4(1231 2223 176 50)
4(1232 2224 177 51)
4(1233 2225 178 52)
4(1234 2226 179 53)
4(1235 2227 180 54)
4(1236 2228 181 55)
4(1237 2229 182 56)
4(1238 2230 183 57)
4(1239 2231 184 58)
4(1240 2232 185 59)
4(1241 2233 186 60)
4(1242 2234 187 61)
4(1243 2235 188 62)
4(1244 2236 189 63)
4(1245 2237 190 64)
4(1246 2238 191 65)
4(1247 2239 192 66)
4(1248 2240 193 67)
4(1249 2241 194 68)
4(1250 2242 195 69)
4(1251 2243 196 70)
4(0 133 260 8)
4(133 132 261 260)
4(132 131 262 261)
4(131 130 263 262)
4(130 129 264 263)
4(129 128 265 264)
4(128 127 266 265)
4(127 126 267 266)
4(126 125 268 267)
4(125 124 269 268)
4(124 123 270 269)
4(123 122 271 270)
4(122 121 272 271)
4(121 120 273 272)
4(120 119 274 273)
4(119 118 275 274)
4(118 117 276 275)
4(117 116 277 276)
4(116 115 278 277)
4(115 114 279 278)
4(114 113 280 279)
4(113 112 281 280)
4(112 111 282 281)
4(111 110 283 282)
4(110 109 284 283)
4(109 108 285 284)
4(108 107 286 285)
4(107 106 287 286)
4(106 105 288 287)
4(105 104 289 288)
4(104 103 290 289)
4(103 3 102 290)
4(8 260 291 9)
4(260 261 292 291)
4(261 262 293 292)
4(262 263 294 293)
4(263 264 295 294)
4(264 265 296 295)
4(265 266 297 296)
4(266 267 298 297)
4(267 268 299 298)
4(268 269 300 299)
4(269 270 301 300)
4(270 271 302 301)
4(271 272 303 302)
4(272 273 304 303)
4(273 274 305 304)
4(274 275 306 305)
4(275 276 307 306)
4(276 277 308 307)
4(277 278 309 308)
4(278 279 310 309)
4(279 280 311 310)
4(280 281 312 311)
4(281 282 313 312)
4(282 283 314 313)
4(283 284 315 314)
4(284 285 316 315)
4(285 286 317 316)
4(286 287 318 317)
4(287 288 319 318)
4(288 289 320 319)
4(289 290 321 320)
4(290 102 101 321)
4(9 291 322 10)
4(291 292 323 322)
4(292 293 324 323)
4(293 294 325 324)
4(294 295 326 325)
4(295 296 327 326)
4(296 297 328 327)
4(297 298 329 328)
4(298 299 330 329)
4(299 300 331 330)
4(300 301 332 331)
4(301 302 333 332)
4(302 303 334 333)
4(303 304 335 334)
4(304 305 336 335)
4(305 306 337 336)
4(306 307 338 337)
4(307 308 339 338)
4(308 309 340 339)
4(309 310 341 340)
4(310 311 342 341)
4(311 312 343 342)
4(312 313 344 343)
4(313 314 345 344)
4(314 315 346 345)
4(315 316 347 346)
4(316 317 348 347)
4(317 318 349 348)
4(318 319 350 349)
4(319 320 351 350)
4(320 321 352 351)
4(321 101 100 352)
4(10 322 353 11)
4(322 323 354 353)
4(323 324 355 354)
4(324 325 356 355)
4(325 326 357 356)
4(326 327 358 357)
4(327 328 359 358)
4(328 329 360 359)
4(329 330 361 360)
4(330 331 362 361)
4(331 332 363 362)
4(332 333 364 363)
4(333 334 365 364)
4(334 335 366 365)
4(335 336 367 366)
4(336 337 368 367)
4(337 338 369 368)
4(338 339 370 369)
4(339 340 371 370)
4(340 341 372 371)
4(341 342 373 372)
4(342 343 374 373)
4(343 344 375 374)
4(344 345 376 375)
4(345 346 377 376)
4(346 347 378 377)
4(347 348 379 378)
4(348 349 380 379)
4(349 350 381 380)
4(350 351 382 381)
4(351 352 383 382)
4(352 100 99 383)
4(11 353 384 12)
4(353 354 385 384)
4(354 355 386 385)
4(355 356 387 386)
4(356 357 388 387)
4(357 358 389 388)
4(358 359 390 389)
4(359 360 391 390)
4(360 361 392 391)
4(361 362 393 392)
4(362 363 394 393)
4(363 364 395 394)
4(364 365 396 395)
4(365 366 397 396)
4(366 367 398 397)
4(367 368 399 398)
4(368 369 400 399)
4(369 370 401 400)
4(370 371 402 401)
4(371 372 403 402)
4(372 373 404 403)
4(373 374 405 404)
4(374 375 406 405)
4(375 376 407 406)
4(376 377 408 407)
4(377 378 409 408)
4(378 379 410 409)
4(379 380 411 410)
4(380 381 412 411)
4(381 382 413 412)
4(382 383 414 413)
4(383 99 98 414)
4(12 384 415 13)
4(384 385 416 415)
4(385 386 417 416)
4(386 387 418 417)
4(387 388 419 418)
4(388 389 420 419)
4(389 390 421 420)
4(390 391 422 421)
4(391 392 423 422)
4(392 393 424 423)
4(393 394 425 424)
4(394 395 426 425)
4(395 396 427 426)
4(396 397 428 427)
4(397 398 429 428)
4(398 399 430 429)
4(399 400 431 430)
4(400 401 432 431)
4(401 402 433 432)
4(402 403 434 433)
4(403 404 435 434)
4(404 405 436 435)
4(405 406 437 436)
4(406 407 438 437)
4(407 408 439 438)
4(408 409 440 439)
4(409 410 441 440)
4(410 411 442 441)
4(411 412 443 442)
4(412 413 444 443)
4(413 414 445 444)
4(414 98 97 445)
4(13 415 446 14)
4(415 416 447 446)
4(416 417 448 447)
4(417 418 449 448)
4(418 419 450 449)
4(419 420 451 450)
4(420 421 452 451)
4(421 422 453 452)
4(422 423 454 453)
4(423 424 455 454)
4(424 425 456 455)
4(425 426 457 456)
4(426 427 458 457)
4(427 428 459 458)
4(428 429 460 459)
4(429 430 461 460)
4(430 431 462 461)
4(431 432 463 462)
4(432 433 464 463)
4(433 434 465 464)
4(434 435 466 465)
4(435 436 467 466)
4(436 437 468 467)
4(437 438 469 468)
4(438 439 470 469)
4(439 440 471 470)
4(440 441 472 471)
4(441 442 473 472)
4(442 443 474 473)
4(443 444 475 474)
4(444 445 476 475)
4(445 97 96 476)
4(14 446 477 15)
4(446 447 478 477)
4(447 448 479 478)
4(448 449 480 479)
4(449 450 481 480)
4(450 451 482 481)
4(451 452 483 482)
4(452 453 484 483)
4(453 454 485 484)
4(454 455 486 485)
4(455 456 487 486)
4(456 457 488 487)
4(457 458 489 488)
4(458 459 490 489)
4(459 460 491 490)
4(460 461 492 491)
4(461 462 493 492)
4(462 463 494 493)
4(463 464 495 494)
4(464 465 496 495)
4(465 466 497 496)
4(466 467 498 497)
4(467 468 499 498)
4(468 469 500 499)
4(469 470 501 500)
4(470 471 502 501)
4(471 472 503 502)
4(472 473 504 503)
4(473 474 505 504)
4(474 475 506 505)
4(475 476 507 506)
4(476 96 95 507)
4(15 477 508 16)
4(477 478 509 508)
4(478 479 510 509)
4(479 480 511 510)
4(480 481 512 511)
4(481 482 513 512)
4(482 483 514 513)
4(483 484 515 514)
4(484 485 516 515)
4(485 486 517 516)
4(486 487 518 517)
4(487 488 519 518)
4(488 489 520 519)
4(489 490 521 520)
4(490 491 522 521)
4(491 492 523 522)
4(492 493 524 523)
4(493 494 525 524)
4(494 495 526 525)
4(495 496 527 526)
4(496 497 528 527)
4(497 498 529 528)
4(498 499 530 529)
4(499 500 531 530)
4(500 501 532 531)
4(501 502 533 532)
4(502 503 534 533)
4(503 504 535 534)
4(504 505 536 535)
4(505 506 537 536)
4(506 507 538 537)
4(507 95 94 538)
4(16 508 539 17)
4(508 509 540 539)
4(509 510 541 540)
4(510 511 542 541)
4(511 512 543 542)
4(512 513 544 543)
4(513 514 545 544)
4(514 515 546 545)
4(515 516 547 546)
4(516 517 548 547)
4(517 518 549 548)
4(518 519 550 549)
4(519 520 551 550)
4(520 521 552 551)
4(521 522 553 552)
4(522 523 554 553)
4(523 524 555 554)
4(524 525 556 555)
4(525 526 557 556)
4(526 527 558 557)
4(527 528 559 558)
4(528 529 560 559)
4(529 530 561 560)
4(530 531 562 561)
4(531 532 563 562)
4(532 533 564 563)
4(533 534 565 564)
4(534 535 566 565)
4(535 536 567 566)
4(536 537 568 567)
4(537 538 569 568)
4(538 94 93 569)
4(17 539 570 18)
4(539 540 571 570)
4(540 541 572 571)
4(541 542 573 572)
4(542 543 574 573)
4(543 544 575 574)
4(544 545 576 575)
4(545 546 577 576)
4(546 547 578 577)
4(547 548 579 578)
4(548 549 580 579)
4(549 550 581 580)
4(550 551 582 581)
4(551 552 583 582)
4(552 553 584 583)
4(553 554 585 584)
4(554 555 586 585)
4(555 556 587 586)
4(556 557 588 587)
4(557 558 589 588)
4(558 559 590 589)
4(559 560 591 590)
4(560 561 592 591)
4(561 562 593 592)
4(562 563 594 593)
4(563 564 595 594)
4(564 565 596 595)
4(565 566 597 596)
4(566 567 598 597)
4(567 568 599 598)
4(568 569 600 599)
4(569 93 92 600)
4(18 570 601 19)
4(570 571 602 601)
4(571 572 603 602)
4(572 573 604 603)
4(573 574 605 604)
4(574 575 606 605)
4(575 576 607 606)
4(576 577 608 607)
4(577 578 609 608)
4(578 579 610 609)
4(579 580 611 610)
4(580 581 612 611)
4(581 582 613 612)
4(582 583 614 613)
4(583 584 615 614)
4(584 585 616 615)
4(585 586 617 616)
4(586 587 618 617)
4(587 588 619 618)
4(588 589 620 619)
4(589 590 621 620)
4(590 591 622 621)
4(591 592 623 622)
4(592 593 624 623)
4(593 594 625 624)
4(594 595 626 625)
4(595 596 627 626)
4(596 597 628 627)
4(597 598 629 628)
4(598 599 630 629)
4(599 600 631 630)
4(600 92 91 631)
4(19 601 632 20)
4(601 602 633 632)
4(602 603 634 633)
4(603 604 635 634)
4(604 605 636 635)
4(605 606 637 636)
4(606 607 638 637)
4(607 608 639 638)
4(608 609 640 639)
4(609 610 641 640)
4(610 611 642 641)
4(611 612 643 642)
4(612 613 644 643)
4(613 614 645 644)
4(614 615 646 645)
4(615 616 647 646)
4(616 617 648 647)
4(617 618 649 648)
4(618 619 650 649)
4(619 620 651 650)
4(620 621 652 651)
4(621 622 653 652)
4(622 623 654 653)
4(623 624 655 654)
4(624 625 656 655)
4(625 626 657 656)
4(626 627 658 657)
4(627 628 659 658)
4(628 629 660 659)
4(629 630 661 660)
4(630 631 662 661)
4(631 91 90 662)
4(20 632 663 21)
4(632 633 664 663)
4(633 634 665 664)
4(634 635 666 665)
4(635 636 667 666)
4(636 637 668 667)
4(637 638 669 668)
4(638 639 670 669)
4(639 640 671 670)
4(640 641 672 671)
4(641 642 673 672)
4(642 643 674 673)
4(643 644 675 674)
4(644 645 676 675)
4(645 646 677 676)
4(646 647 678 677)
4(647 648 679 678)
4(648 649 680 679)
4(649 650 681 680)
4(650 651 682 681)
4(651 652 683 682)
4(652 653 684 683)
4(653 654 685 684)
4(654 655 686 685)
4(655 656 687 686)
4(656 657 688 687)
4(657 658 689 688)
4(658 659 690 689)
4(659 660 691 690)
4(660 661 692 691)
4(661 662 693 692)
4(662 90 89 693)
4(21 663 694 22)
4(663 664 695 694)
4(664 665 696 695)
4(665 666 697 696)
4(666 667 698 697)
4(667 668 699 698)
4(668 669 700 699)
4(669 670 701 700)
4(670 671 702 701)
4(671 672 703 702)
4(672 673 704 703)
4(673 674 705 704)
4(674 675 706 705)
4(675 676 707 706)
4(676 677 708 707)
4(677 678 709 708)
4(678 679 710 709)
4(679 680 711 710)
4(680 681 712 711)
4(681 682 713 712)
4(682 683 714 713)
4(683 684 715 714)
4(684 685 716 715)
4(685 686 717 716)
4(686 687 718 717)
4(687 688 719 718)
4(688 689 720 719)
4(689 690 721 720)
4(690 691 722 721)
4(691 692 723 722)
4(692 693 724 723)
4(693 89 88 724)
4(22 694 725 23)
4(694 695 726 725)
4(695 696 727 726)
4(696 697 728 727)
4(697 698 729 728)
4(698 699 730 729)
4(699 700 731 730)
4(700 701 732 731)
4(701 702 733 732)
4(702 703 734 733)
4(703 704 735 734)
4(704 705 736 735)
4(705 706 737 736)
4(706 707 738 737)
4(707 708 739 738)
4(708 709 740 739)
4(709 710 741 740)
4(710 711 742 741)
4(711 712 743 742)
4(712 713 744 743)
4(713 714 745 744)
4(714 715 746 745)
4(715 716 747 746)
4(716 717 748 747)
4(717 718 749 748)
4(718 719 750 749)
4(719 720 751 750)
4(720 721 752 751)
4(721 722 753 752)
4(722 723 754 753)
4(723 724 755 754)
4(724 88 87 755)
4(23 725 756 24)
4(725 726 757 756)
4(726 727 758 757)
4(727 728 759 758)
4(728 729 760 759)
4(729 730 761 760)
4(730 731 762 761)
4(731 732 763 762)
4(732 733 764 763)
4(733 734 765 764)
4(734 735 766 765)
4(735 736 767 766)
4(736 737 768 767)
4(737 738 769 768)
4(738 739 770 769)
4(739 740 771 770)
4(740 741 772 771)
4(741 742 773 772)
4(742 743 774 773)
4(743 744 775 774)
4(744 745 776 775)
4(745 746 777 776)
4(746 747 778 777)
4(747 748 779 778)
4(748 749 780 779)
4(749 750 781 780)
4(750 751 782 781)
4(751 752 783 782)
4(752 753 784 783)
4(753 754 785 784)
4(754 755 786 785)
4(755 87 86 786)
4(24 756 787 25)
4(756 757 788 787)
4(757 758 789 788)
4(758 759 790 789)
4(759 760 791 790)
4(760 761 792 791)
4(761 762 793 792)
4(762 763 794 793)
4(763 764 795 794)
4(764 765 796 795)
4(765 766 797 796)
4(766 767 798 797)
4(767 768 799 798)
4(768 769 800 799)
4(769 770 801 800)
4(770 771 802 801)
4(771 772 803 802)
4(772 773 804 803)
4(773 774 805 804)
4(774 775 806 805)
4(775 776 807 806)
4(776 777 808 807)
4(777 778 809 808)
4(778 779 810 809)
4(779 780 811 810)
4(780 781 812 811)
4(781 782 813 812)
4(782 783 814 813)
4(783 784 815 814)
4(784 785 816 815)
4(785 786 817 816)
4(786 86 85 817)
4(25 787 818 26)
4(787 788 819 818)
4(788 789 820 819)
4(789 790 821 820)
4(790 791 822 821)
4(791 792 823 822)
4(792 793 824 823)
4(793 794 825 824)
4(794 795 826 825)
4(795 796 827 826)
4(796 797 828 827)
4(797 798 829 828)
4(798 799 830 829)
4(799 800 831 830)
4(800 801 832 831)
4(801 802 833 832)
4(802 803 834 833)
4(803 804 835 834)
4(804 805 836 835)
4(805 806 837 836)
4(806 807 838 837)
4(807 808 839 838)
4(808 809 840 839)
4(809 810 841 840)
4(810 811 842 841)
4(811 812 843 842)
4(812 813 844 843)
4(813 814 845 844)
4(814 815 846 845)
4(815 816 847 846)
4(816 817 848 847)
4(817 85 84 848)
4(26 818 849 27)
4(818 819 850 849)
4(819 820 851 850)
4(820 821 852 851)
4(821 822 853 852)
4(822 823 854 853)
4(823 824 855 854)
4(824 825 856 855)
4(825 826 857 856)
4(826 827 858 857)
4(827 828 859 858)
4(828 829 860 859)
4(829 830 861 860)
4(830 831 862 861)
4(831 832 863 862)
4(832 833 864 863)
4(833 834 865 864)
4(834 835 866 865)
4(835 836 867 866)
4(836 837 868 867)
4(837 838 869 868)
4(838 839 870 869)
4(839 840 871 870)
4(840 841 872 871)
4(841 842 873 872)
4(842 843 874 873)
4(843 844 875 874)
4(844 845 876 875)
4(845 846 877 876)
4(846 847 878 877)
4(847 848 879 878)
4(848 84 83 879)
4(27 849 880 28)
4(849 850 881 880)
4(850 851 882 881)
4(851 852 883 882)
4(852 853 884 883)
4(853 854 885 884)
4(854 855 886 885)
4(855 856 887 886)
4(856 857 888 887)
4(857 858 889 888)
4(858 859 890 889)
4(859 860 891 890)
4(860 861 892 891)
4(861 862 893 892)
4(862 863 894 893)
4(863 864 895 894)
4(864 865 896 895)
4(865 866 897 896)
4(866 867 898 897)
4(867 868 899 898)
4(868 869 900 899)
4(869 870 901 900)
4(870 871 902 901)
4(871 872 903 902)
4(872 873 904 903)
4(873 874 905 904)
4(874 875 906 905)
4(875 876 907 906)
4(876 877 908 907)
4(877 878 909 908)
4(878 879 910 909)
4(879 83 82 910)
4(28 880 911 29)
4(880 881 912 911)
4(881 882 913 912)
4(882 883 914 913)
4(883 884 915 914)
4(884 885 916 915)
4(885 886 917 916)
4(886 887 918 917)
4(887 888 919 918)
4(888 889 920 919)
4(889 890 921 920)
4(890 891 922 921)
4(891 892 923 922)
4(892 893 924 923)
4(893 894 925 924)
4(894 895 926 925)
4(895 896 927 926)
4(896 897 928 927)
4(897 898 929 928)
4(898 899 930 929)
4(899 900 931 930)
4(900 901 932 931)
4(901 902 933 932)
4(902 903 934 933)
4(903 904 935 934)
4(904 905 936 935)
4(905 906 937 936)
4(906 907 938 937)
4(907 908 939 938)
4(908 909 940 939)
4(909 910 941 940)
4(910 82 81 941)
4(29 911 942 30)
4(911 912 943 942)
4(912 913 944 943)
4(913 914 945 944)
4(914 915 946 945)
4(915 916 947 946)
4(916 917 948 947)
4(917 918 949 948)
4(918 919 950 949)
4(919 920 951 950)
4(920 921 952 951)
4(921 922 953 952)
4(922 923 954 953)
4(923 924 955 954)
4(924 925 956 955)
4(925 926 957 956)
4(926 927 958 957)
4(927 928 959 958)
4(928 929 960 959)
4(929 930 961 960)
4(930 931 962 961)
4(931 932 963 962)
4(932 933 964 963)
4(933 934 965 964)
4(934 935 966 965)
4(935 936 967 966)
4(936 937 968 967)
4(937 938 969 968)
4(938 939 970 969)
4(939 940 971 970)
4(940 941 972 971)
4(941 81 80 972)
4(30 942 973 31)
4(942 943 974 973)
4(943 944 975 974)
4(944 945 976 975)
4(945 946 977 976)
4(946 947 978 977)
4(947 948 979 978)
4(948 949 980 979)
4(949 950 981 980)
4(950 951 982 981)
4(951 952 983 982)
4(952 953 984 983)
4(953 954 985 984)
4(954 955 986 985)
4(955 956 987 986)
4(956 957 988 987)
4(957 958 989 988)
4(958 959 990 989)
4(959 960 991 990)
4(960 961 992 991)
4(961 962 993 992)
4(962 963 994 993)
4(963 964 995 994)
4(964 965 996 995)
4(965 966 997 996)
4(966 967 998 997)
4(967 968 999 998)
4(968 969 1000 999)
4(969 970 1001 1000)
4(970 971 1002 1001)
4(971 972 1003 1002)
4(972 80 79 1003)
4(31 973 1004 32)
4(973 974 1005 1004)
4(974 975 1006 1005)
4(975 976 1007 1006)
4(976 977 1008 1007)
4(977 978 1009 1008)
4(978 979 1010 1009)
4(979 980 1011 1010)
4(980 981 1012 1011)
4(981 982 1013 1012)
4(982 983 1014 1013)
4(983 984 1015 1014)
4(984 985 1016 1015)
4(985 986 1017 1016)
4(986 987 1018 1017)
4(987 988 1019 1018)
4(988 989 1020 1019)
4(989 990 1021 1020)
4(990 991 1022 1021)
4(991 992 1023 1022)
4(992 993 1024 1023)
4(993 994 1025 1024)
4(994 995 1026 1025)
4(995 996 1027 1026)
4(996 997 1028 1027)
4(997 998 1029 1028)
4(998 999 1030 1029)
4(999 1000 1031 1030)
4(1000 1001 1032 1031)
4(1001 1002 1033 1032)
4(1002 1003 1034 1033)
4(1003 79 78 1034)
4(32 1004 1035 33)
4(1004 1005 1036 1035)
4(1005 1006 1037 1036)
4(1006 1007 1038 1037)
4(1007 1008 1039 1038)
4(1008 1009 1040 1039)
4(1009 1010 1041 1040)
4(1010 1011 1042 1041)
4(1011 1012 1043 1042)
4(1012 1013 1044 1043)
4(1013 1014 1045 1044)
4(1014 1015 1046 1045)
4(1015 1016 1047 1046)
4(1016 1017 1048 1047)
4(1017 1018 1049 1048)
4(1018 1019 1050 1049)
4(1019 1020 1051 1050)
4(1020 1021 1052 1051)
4(1021 1022 1053 1052)
4(1022 1023 1054 1053)
4(1023 1024 1055 1054)
4(1024 1025 1056 1055)
4(1025 1026 1057 1056)
4(1026 1027 1058 1057)
4(1027 1028 1059 1058)
4(1028 1029 1060 1059)
4(1029 1030 1061 1060)
4(1030 1031 1062 1061)
4(1031 1032 1063 1062)
4(1032 1033 1064 1063)
4(1033 1034 1065 1064)
4(1034 78 77 1065)
4(33 1035 1066 34)
4(1035 1036 1067 1066)
4(1036 1037 1068 1067)
4(1037 1038 1069 1068)
4(1038 1039 1070 1069)
4(1039 1040 1071 1070)
4(1040 1041 1072 1071)
4(1041 1042 1073 1072)
4(1042 1043 1074 1073)
4(1043 1044 1075 1074)
4(1044 1045 1076 1075)
4(1045 1046 1077 1076)
4(1046 1047 1078 1077)
4(1047 1048 1079 1078)
4(1048 1049 1080 1079)
4(1049 1050 1081 1080)
4(1050 1051 1082 1081)
4(1051 1052 1083 1082)
4(1052 1053 1084 1083)
4(1053 1054 1085 1084)
4(1054 1055 1086 1085)
4(1055 1056 1087 1086)
4(1056 1057 1088 1087)
4(1057 1058 1089 1088)
4(1058 1059 1090 1089)
4(1059 1060 1091 1090)
4(1060 1061 1092 1091)
4(1061 1062 1093 1092)
4(1062 1063 1094 1093)
4(1063 1064 1095 1094)
4(1064 1065 1096 1095)
4(1065 77 76 1096)
4(34 1066 1097 35)
4(1066 1067 1098 1097)
4(1067 1068 1099 1098)
4(1068 1069 1100 1099)
4(1069 1070 1101 1100)
4(1070 1071 1102 1101)
4(1071 1072 1103 1102)
4(1072 1073 1104 1103)
4(1073 1074 1105 1104)
4(1074 1075 1106 1105)
4(1075 1076 1107 1106)
4(1076 1077 1108 1107)
4(1077 1078 1109 1108)
4(1078 1079 1110 1109)
4(1079 1080 1111 1110)
4(1080 1081 1112 1111)
4(1081 1082 1113 1112)
4(1082 1083 1114 1113)
4(1083 1084 1115 1114)
4(1084 1085 1116 1115)
4(1085 1086 1117 1116)
4(1086 1087 1118 1117)
4(1087 1088 1119 1118)
4(1088 1089 1120 1119)
4(1089 1090 1121 1120)
4(1090 1091 1122 1121)
4(1091 1092 1123 1122)
4(1092 1093 1124 1123)
4(1093 1094 1125 1124)
4(1094 1095 1126 1125)
4(1095 1096 1127 1126)
4(1096 76 75 1127)
4(35 1097 1128 36)
4(1097 1098 1129 1128)
4(1098 1099 1130 1129)
4(1099 1100 1131 1130)
4(1100 1101 1132 1131)
4(1101 1102 1133 1132)
4(1102 1103 1134 1133)
4(1103 1104 1135 1134)
4(1104 1105 1136 1135)
4(1105 1106 1137 1136)
4(1106 1107 1138 1137)
4(1107 1108 1139 1138)
4(1108 1109 1140 1139)
4(1109 1110 1141 1140)
4(1110 1111 1142 1141)
4(1111 1112 1143 1142)
4(1112 1113 1144 1143)
4(1113 1114 1145 1144)
4(1114 1115 1146 1145)
4(1115 1116 1147 1146)
4(1116 1117 1148 1147)
4(1117 1118 1149 1148)
4(1118 1119 1150 1149)
4(1119 1120 1151 1150)
4(1120 1121 1152 1151)
4(1121 1122 1153 1152)
4(1122 1123 1154 1153)
4(1123 1124 1155 1154)
4(1124 1125 1156 1155)
4(1125 1126 1157 1156)
4(1126 1127 1158 1157)
4(1127 75 74 1158)
4(36 1128 1159 37)
4(1128 1129 1160 1159)
4(1129 1130 1161 1160)
4(1130 1131 1162 1161)
4(1131 1132 1163 1162)
4(1132 1133 1164 1163)
4(1133 1134 1165 1164)
4(1134 1135 1166 1165)
4(1135 1136 1167 1166)
4(1136 1137 1168 1167)
4(1137 1138 1169 1168)
4(1138 1139 1170 1169)
4(1139 1140 1171 1170)
4(1140 1141 1172 1171)
4(1141 1142 1173 1172)
4(1142 1143 1174 1173)
4(1143 1144 1175 1174)
4(1144 1145 1176 1175)
4(1145 1146 1177 1176)
4(1146 1147 1178 1177)
4(1147 1148 1179 1178)
4(1148 1149 1180 1179)
4(1149 1150 1181 1180)
4(1150 1151 1182 1181)
4(1151 1152 1183 1182)
4(1152 1153 1184 1183)
4(1153 1154 1185 1184)
4(1154 1155 1186 1185)
4(1155 1156 1187 1186)
4(1156 1157 1188 1187)
4(1157 1158 1189 1188)
4(1158 74 73 1189)
4(37 1159 1190 38)
4(1159 1160 1191 1190)
4(1160 1161 1192 1191)
4(1161 1162 1193 1192)
4(1162 1163 1194 1193)
4(1163 1164 1195 1194)
4(1164 1165 1196 1195)
4(1165 1166 1197 1196)
4(1166 1167 1198 1197)
4(1167 1168 1199 1198)
4(1168 1169 1200 1199)
4(1169 1170 1201 1200)
4(1170 1171 1202 1201)
4(1171 1172 1203 1202)
4(1172 1173 1204 1203)
4(1173 1174 1205 1204)
4(1174 1175 1206 1205)
4(1175 1176 1207 1206)
4(1176 1177 1208 1207)
4(1177 1178 1209 1208)
4(1178 1179 1210 1209)
4(1179 1180 1211 1210)
4(1180 1181 1212 1211)
4(1181 1182 1213 1212)
4(1182 1183 1214 1213)
4(1183 1184 1215 1214)
4(1184 1185 1216 1215)
4(1185 1186 1217 1216)
4(1186 1187 1218 1217)
4(1187 1188 1219 1218)
4(1188 1189 1220 1219)
4(1189 73 72 1220)
4(38 1190 1221 39)
4(1190 1191 1222 1221)
4(1191 1192 1223 1222)
4(1192 1193 1224 1223)
4(1193 1194 1225 1224)
4(1194 1195 1226 1225)
4(1195 1196 1227 1226)
4(1196 1197 1228 1227)
4(1197 1198 1229 1228)
4(1198 1199 1230 1229)
4(1199 1200 1231 1230)
4(1200 1201 1232 1231)
4(1201 1202 1233 1232)
4(1202 1203 1234 1233)
4(1203 1204 1235 1234)
4(1204 1205 1236 1235)
4(1205 1206 1237 1236)
4(1206 1207 1238 1237)
4(1207 1208 1239 1238)
4(1208 1209 1240 1239)
4(1209 1210 1241 1240)
4(1210 1211 1242 1241)
4(1211 1212 1243 1242)
4(1212 1213 1244 1243)
4(1213 1214 1245 1244)
4(1214 1215 1246 1245)
4(1215 1216 1247 1246)
4(1216 1217 1248 1247)
4(1217 1218 1249 1248)
4(1218 1219 1250 1249)
4(1219 1220 1251 1250)
4(1220 72 71 1251)
4(39 1221 40 1)
4(1221 1222 41 40)
4(1222 1223 42 41)
4(1223 1224 43 42)
4(1224 1225 44 43)
4(1225 1226 45 44)
4(1226 1227 46 45)
4(1227 1228 47 46)
4(1228 1229 48 47)
4(1229 1230 49 48)
4(1230 1231 50 49)
4(1231 1232 51 50)
4(1232 1233 52 51)
4(1233 1234 53 52)
4(1234 1235 54 53)
4(1235 1236 55 54)
4(1236 1237 56 55)
4(1237 1238 57 56)
4(1238 1239 58 57)
4(1239 1240 59 58)
4(1240 1241 60 59)
4(1241 1242 61 60)
4(1242 1243 62 61)
4(1243 1244 63 62)
4(1244 1245 64 63)
4(1245 1246 65 64)
4(1246 1247 66 65)
4(1247 1248 67 66)
4(1248 1249 68 67)
4(1249 1250 69 68)
4(1250 1251 70 69)
4(1251 71 2 70)
4(0 8 134 4)
4(8 9 135 134)
4(9 10 136 135)
4(10 11 137 136)
4(11 12 138 137)
4(12 13 139 138)
4(13 14 140 139)
4(14 15 141 140)
4(15 16 142 141)
4(16 17 143 142)
4(17 18 144 143)
4(18 19 145 144)
4(19 20 146 145)
4(20 21 147 146)
4(21 22 148 147)
4(22 23 149 148)
4(23 24 150 149)
4(24 25 151 150)
4(25 26 152 151)
4(26 27 153 152)
4(27 28 154 153)
4(28 29 155 154)
4(29 30 156 155)
4(30 31 157 156)
4(31 32 158 157)
4(32 33 159 158)
4(33 34 160 159)
4(34 35 161 160)
4(35 36 162 161)
4(36 37 163 162)
4(37 38 164 163)
4(38 39 165 164)
4(39 1 5 165)
4(1 40 166 5)
4(40 41 167 166)
4(41 42 168 167)
4(42 43 169 168)
4(43 44 170 169)
4(44 45 171 170)
4(45 46 172 171)
4(46 47 173 172)
4(47 48 174 173)
4(48 49 175 174)
4(49 50 176 175)
4(50 51 177 176)
4(51 52 178 177)
4(52 53 179 178)
4(53 54 180 179)
4(54 55 181 180)
4(55 56 182 181)
4(56 57 183 182)
4(57 58 184 183)
4(58 59 185 184)
4(59 60 186 185)
4(60 61 187 186)
4(61 62 188 187)
4(62 63 189 188)
4(63 64 190 189)
4(64 65 191 190)
4(65 66 192 191)
4(66 67 193 192)
4(67 68 194 193)
4(68 69 195 194)
4(69 70 196 195)
4(70 2 6 196)
4(3 7 228 102)
4(102 228 227 101)
4(101 227 226 100)
4(100 226 225 99)
4(99 225 224 98)
4(98 224 223 97)
4(97 223 222 96)
4(96 222 221 95)
4(95 221 220 94)
4(94 220 219 93)
4(93 219 218 92)
4(92 218 217 91)
4(91 217 216 90)
4(90 216 215 89)
4(89 215 214 88)
4(88 214 213 87)
4(87 213 212 86)
4(86 212 211 85)
4(85 211 210 84)
4(84 210 209 83)
4(83 209 208 82)
4(82 208 207 81)
4(81 207 206 80)
4(80 206 205 79)
4(79 205 204 78)
4(78 204 203 77)
4(77 203 202 76)
4(76 202 201 75)
4(75 201 200 74)
4(74 200 199 73)
4(73 199 198 72)
4(72 198 197 71)
4(71 197 6 2)
4(0 4 259 133)
4(133 259 258 132)
4(132 258 257 131)
4(131 257 256 130)
4(130 256 255 129)
4(129 255 254 128)
4(128 254 253 127)
4(127 253 252 126)
4(126 252 251 125)
4(125 251 250 124)
4(124 250 249 123)
4(123 249 248 122)
4(122 248 247 121)
4(121 247 246 120)
4(120 246 245 119)
4(119 245 244 118)
4(118 244 243 117)
4(117 243 242 116)
4(116 242 241 115)
4(115 241 240 114)
4(114 240 239 113)
4(113 239 238 112)
4(112 238 237 111)
4(111 237 236 110)
4(110 236 235 109)
4(109 235 234 108)
4(108 234 233 107)
4(107 233 232 106)
4(106 232 231 105)
4(105 231 230 104)
4(104 230 229 103)
4(103 229 7 3)
4(4 134 1252 259)
4(259 1252 1253 258)
4(258 1253 1254 257)
4(257 1254 1255 256)
4(256 1255 1256 255)
4(255 1256 1257 254)
4(254 1257 1258 253)
4(253 1258 1259 252)
4(252 1259 1260 251)
4(251 1260 1261 250)
4(250 1261 1262 249)
4(249 1262 1263 248)
4(248 1263 1264 247)
4(247 1264 1265 246)
4(246 1265 1266 245)
4(245 1266 1267 244)
4(244 1267 1268 243)
4(243 1268 1269 242)
4(242 1269 1270 241)
4(241 1270 1271 240)
4(240 1271 1272 239)
4(239 1272 1273 238)
4(238 1273 1274 237)
4(237 1274 1275 236)
4(236 1275 1276 235)
4(235 1276 1277 234)
4(234 1277 1278 233)
4(233 1278 1279 232)
4(232 1279 1280 231)
4(231 1280 1281 230)
4(230 1281 1282 229)
4(229 1282 228 7)
4(134 135 1283 1252)
4(1252 1283 1284 1253)
4(1253 1284 1285 1254)
4(1254 1285 1286 1255)
4(1255 1286 1287 1256)
4(1256 1287 1288 1257)
4(1257 1288 1289 1258)
4(1258 1289 1290 1259)
4(1259 1290 1291 1260)
4(1260 1291 1292 1261)
4(1261 1292 1293 1262)
4(1262 1293 1294 1263)
4(1263 1294 1295 1264)
4(1264 1295 1296 1265)
4(1265 1296 1297 1266)
4(1266 1297 1298 1267)
4(1267 1298 1299 1268)
4(1268 1299 1300 1269)
4(1269 1300 1301 1270)
4(1270 1301 1302 1271)
4(1271 1302 1303 1272)
4(1272 1303 1304 1273)
4(1273 1304 1305 1274)
4(1274 1305 1306 1275)
4(1275 1306 1307 1276)
4(1276 1307 1308 1277)
4(1277 1308 1309 1278)
4(1278 1309 1310 1279)
4(1279 1310 1311 1280)
4(1280 1311 1312 1281)
4(1281 1312 1313 1282)
4(1282 1313 227 228)
4(135 136 1314 1283)
4(1283 1314 1315 1284)
4(1284 1315 1316 1285)
4(1285 1316 1317 1286)
4(1286 1317 1318 1287)
4(1287 1318 1319 1288)
4(1288 1319 1320 1289)
4(1289 1320 1321 1290)
4(1290 1321 1322 1291)
4(1291 1322 1323 1292)
4(1292 1323 1324 1293)
4(1293 1324 1325 1294)
4(1294 1325 1326 1295)
4(1295 1326 1327 1296)
4(1296 1327 1328 1297)
4(1297 1328 1329 1298)
4(1298 1329 1330 1299)
4(1299 1330 1331 1300)
4(1300 1331 1332 1301)
4(1301 1332 1333 1302)
4(1302 1333 1334 1303)
4(1303 1334 1335 1304)
4(1304 1335 1336 1305)
4(1305 1336 1337 1306)
4(1306 1337 1338 1307)
4(1307 1338 1339 1308)
4(1308 1339 1340 1309)
4(1309 1340 1341 1310)
4(1310 1341 1342 1311)
4(1311 1342 1343 1312)
4(1312 1343 1344 1313)
4(1313 1344 226 227)
4(136 137 1345 1314)
4(1314 1345 1346 1315)
4(1315 1346 1347 1316)
4(1316 1347 1348 1317)
4(1317 1348 1349 1318)
4(1318 1349 1350 1319)
4(1319 1350 1351 1320)
4(1320 1351 1352 1321)
4(1321 1352 1353 1322)
4(1322 1353 1354 1323)
4(1323 1354 1355 1324)
4(1324 1355 1356 1325)
4(1325 1356 1357 1326)
4(1326 1357 1358 1327)
4(1327 1358 1359 1328)
4(1328 1359 1360 1329)
4(1329 1360 1361 1330)
4(1330 1361 1362 1331)
4(1331 1362 1363 1332)
4(1332 1363 1364 1333)
4(1333 1364 1365 1334)
4(1334 1365 1366 1335)
4(1335 1366 1367 1336)
4(1336 1367 1368 1337)
4(1337 1368 1369 1338)
4(1338 1369 1370 1339)
4(1339 1370 1371 1340)
4(1340 1371 1372 1341)
4(1341 1372 1373 1342)
4(1342 1373 1374 1343)
4(1343 1374 1375 1344)
4(1344 1375 225 226)
4(137 138 1376 1345)
4(1345 1376 1377 1346)
4(1346 1377 1378 1347)
4(1347 1378 1379 1348)
4(1348 1379 1380 1349)
4(1349 1380 1381 1350)
4(1350 1381 1382 1351)
4(1351 1382 1383 1352)
4(1352 1383 1384 1353)
4(1353 1384 1385 1354)
4(1354 1385 1386 1355)
4(1355 1386 1387 1356)
4(1356 1387 1388 1357)
4(1357 1388 1389 1358)
4(1358 1389 1390 1359)
4(1359 1390 1391 1360)
4(1360 1391 1392 1361)
4(1361 1392 1393 1362)
4(1362 1393 1394 1363)
4(1363 1394 1395 1364)
4(1364 1395 1396 1365)
4(1365 1396 1397 1366)
4(1366 1397 1398 1367)
4(1367 1398 1399 1368)
4(1368 1399 1400 1369)
4(1369 1400 1401 1370)
4(1370 1401 1402 1371)
4(1371 1402 1403 1372)
4(1372 1403 1404 1373)
4(1373 1404 1405 1374)
4(1374 1405 1406 1375)
4(1375 1406 224 225)
4(138 139 1407 1376)
4(1376 1407 1408 1377)
4(1377 1408 1409 1378)
4(1378 1409 1410 1379)
4(1379 1410 1411 1380)
4(1380 1411 1412 1381)
4(1381 1412 1413 1382)
4(1382 1413 1414 1383)
4(1383 1414 1415 1384)
4(1384 1415 1416 1385)
4(1385 1416 1417 1386)
4(1386 1417 1418 1387)
4(1387 1418 1419 1388)
4(1388 1419 1420 1389)
4(1389 1420 1421 1390)
4(1390 1421 1422 1391)
4(1391 1422 1423 1392)
4(1392 1423 1424 1393)
4(1393 1424 1425 1394)
4(1394 1425 1426 1395)
4(1395 1426 1427 1396)
4(1396 1427 1428 1397)
4(1397 1428 1429 1398)
4(1398 1429 1430 1399)
4(1399 1430 1431 1400)
4(1400 1431 1432 1401)
4(1401 1432 1433 1402)
4(1402 1433 1434 1403)
4(1403 1434 1435 1404)
4(1404 1435 1436 1405)
4(1405 1436 1437 1406)
4(1406 1437 223 224)
4(139 140 1438 1407)
4(1407 1438 1439 1408)
4(1408 1439 1440 1409)
4(1409 1440 1441 1410)
4(1410 1441 1442 1411)
4(1411 1442 1443 1412)
4(1412 1443 1444 1413)
4(1413 1444 1445 1414)
4(1414 1445 1446 1415)
4(1415 1446 1447 1416)
4(1416 1447 1448 1417)
4(1417 1448 1449 1418)
4(1418 1449 1450 1419)
4(1419 1450 1451 1420)
4(1420 1451 1452 1421)
4(1421 1452 1453 1422)
4(1422 1453 1454 1423)
4(1423 1454 1455 1424)
4(1424 1455 1456 1425)
4(1425 1456 1457 1426)
4(1426 1457 1458 1427)
4(1427 1458 1459 1428)
4(1428 1459 1460 1429)
4(1429 1460 1461 1430)
4(1430 1461 1462 1431)
4(1431 1462 1463 1432)
4(1432 1463 1464 1433)
4(1433 1464 1465 1434)
4(1434 1465 1466 1435)
4(1435 1466 1467 1436)
4(1436 1467 1468 1437)
4(1437 1468 222 223)
4(140 141 1469 1438)
4(1438 1469 1470 1439)
4(1439 1470 1471 1440)
4(1440 1471 1472 1441)
4(1441 1472 1473 1442)
4(1442 1473 1474 1443)
4(1443 1474 1475 1444)
4(1444 1475 1476 1445)
4(1445 1476 1477 1446)
4(1446 1477 1478 1447)
4(1447 1478 1479 1448)
4(1448 1479 1480 1449)
4(1449 1480 1481 1450)
4(1450 1481 1482 1451)
4(1451 1482 1483 1452)
4(1452 1483 1484 1453)
4(1453 1484 1485 1454)
4(1454 1485 1486 1455)
4(1455 1486 1487 1456)
4(1456 1487 1488 1457)
4(1457 1488 1489 1458)
4(1458 1489 1490 1459)
4(1459 1490 1491 1460)
4(1460 1491 1492 1461)
4(1461 1492 1493 1462)
4(1462 1493 1494 1463)
4(1463 1494 1495 1464)
4(1464 1495 1496 1465)
4(1465 1496 1497 1466)
4(1466 1497 1498 1467)
4(1467 1498 1499 1468)
4(1468 1499 221 222)
4(141 142 1500 1469)
4(1469 1500 1501 1470)
4(1470 1501 1502 1471)
4(1471 1502 1503 1472)
4(1472 1503 1504 1473)
4(1473 1504 1505 1474)
4(1474 1505 1506 1475)
4(1475 1506 1507 1476)
4(1476 1507 1508 1477)
4(1477 1508 1509 1478)
4(1478 1509 1510 1479)
4(1479 1510 1511 1480)
4(1480 1511 1512 1481)
4(1481 1512 1513 1482)
4(1482 1513 1514 1483)
4(1483 1514 1515 1484)
4(1484 1515 1516 1485)
4(1485 1516 1517 1486)
4(1486 1517 1518 1487)
4(1487 1518 1519 1488)
4(1488 1519 1520 1489)
4(1489 1520 1521 1490)
4(1490 1521 1522 1491)
4(1491 1522 1523 1492)
4(1492 1523 1524 1493)
4(1493 1524 1525 1494)
4(1494 1525 1526 1495)
4(1495 1526 1527 1496)
4(1496 1527 1528 1497)
4(1497 1528 1529 1498)
4(1498 1529 1530 1499)
4(1499 1530 220 221)
4(142 143 1531 1500)
4(1500 1531 1532 1501)
4(1501 1532 1533 1502)
4(1502 1533 1534 1503)
4(1503 1534 1535 1504)
4(1504 1535 1536 1505)
4(1505 1536 1537 1506)
4(1506 1537 1538 1507)
4(1507 1538 1539 1508)
4(1508 1539 1540 1509)
4(1509 1540 1541 1510)
4(1510 1541 1542 1511)
4(1511 1542 1543 1512)
4(1512 1543 1544 1513)
4(1513 1544 1545 1514)
4(1514 1545 1546 1515)
4(1515 1546 1547 1516)
4(1516 1547 1548 1517)
4(1517 1548 1549 1518)
4(1518 1549 1550 1519)
4(1519 1550 1551 1520)
4(1520 1551 1552 1521)
4(1521 1552 1553 1522)
4(1522 1553 1554 1523)
4(1523 1554 1555 1524)
4(1524 1555 1556 1525)
4(1525 1556 1557 1526)
4(1526 1557 1558 1527)
4(1527 1558 1559 1528)
4(1528 1559 1560 1529)
4(1529 1560 1561 1530)
4(1530 1561 219 220)
4(143 144 1562 1531)
4(1531 1562 1563 1532)
4(1532 1563 1564 1533)
4(1533 1564 1565 1534)
4(1534 1565 1566 1535)
4(1535 1566 1567 1536)
4(1536 1567 1568 1537)
4(1537 1568 1569 1538)
4(1538 1569 1570 1539)
4(1539 1570 1571 1540)
4(1540 1571 1572 1541)
4(1541 1572 1573 1542)
4(1542 1573 1574 1543)
4(1543 1574 1575 1544)
4(1544 1575 1576 1545)
4(1545 1576 1577 1546)
4(1546 1577 1578 1547)
4(1547 1578 1579 1548)
4(1548 1579 1580 1549)
4(1549 1580 1581 1550)
4(1550 1581 1582 1551)
4(1551 1582 1583 1552)
4(1552 1583 1584 1553)
4(1553 1584 1585 1554)
4(1554 1585 1586 1555)
4(1555 1586 1587 1556)
4(1556 1587 1588 1557)
4(1557 1588 1589 1558)
4(1558 1589 1590 1559)
4(1559 1590 1591 1560)
4(1560 1591 1592 1561)
4(1561 1592 218 219)
4(144 145 1593 1562)
4(1562 1593 1594 1563)
4(1563 1594 1595 1564)
4(1564 1595 1596 1565)
4(1565 1596 1597 1566)
4(1566 1597 1598 1567)
4(1567 1598 1599 1568)
4(1568 1599 1600 1569)
4(1569 1600 1601 1570)
4(1570 1601 1602 1571)
4(1571 1602 1603 1572)
4(1572 1603 1604 1573)
4(1573 1604 1605 1574)
4(1574 1605 1606 1575)
4(1575 1606 1607 1576)
4(1576 1607 1608 1577)
4(1577 1608 1609 1578)
4(1578 1609 1610 1579)
4(1579 1610 1611 1580)
4(1580 1611 1612 1581)
4(1581 1612 1613 1582)
4(1582 1613 1614 1583)
4(1583 1614 1615 1584)
4(1584 1615 1616 1585)
4(1585 1616 1617 1586)
4(1586 1617 1618 1587)
4(1587 1618 1619 1588)
4(1588 1619 1620 1589)
4(1589 1620 1621 1590)
4(1590 1621 1622 1591)
4(1591 1622 1623 1592)
4(1592 1623 217 218)
4(145 146 1624 1593)
4(1593 1624 1625 1594)
4(1594 1625 1626 1595)
4(1595 1626 1627 1596)
4(1596 1627 1628 1597)
4(1597 1628 1629 1598)
4(1598 1629 1630 1599)
4(1599 1630 1631 1600)
4(1600 1631 1632 1601)
4(1601 1632 1633 1602)
4(1602 1633 1634 1603)
4(1603 1634 1635 1604)
4(1604 1635 1636 1605)
4(1605 1636 1637 1606)
4(1606 1637 1638 1607)
4(1607 1638 1639 1608)
4(1608 1639 1640 1609)
4(1609 1640 1641 1610)
4(1610 1641 1642 1611)
4(1611 1642 1643 1612)
4(1612 1643 1644 1613)
4(1613 1644 1645 1614)
4(1614 1645 1646 1615)
4(1615 1646 1647 1616)
4(1616 1647 1648 1617)
4(1617 1648 1649 1618)
4(1618 1649 1650 1619)
4(1619 1650 1651 1620)
4(1620 1651 1652 1621)
4(1621 1652 1653 1622)
4(1622 1653 1654 1623)
4(1623 1654 216 217)
4(146 147 1655 1624)
4(1624 1655 1656 1625)
4(1625 1656 1657 1626)
4(1626 1657 1658 1627)
4(1627 1658 1659 1628)
4(1628 1659 1660 1629)
4(1629 1660 1661 1630)
4(1630 1661 1662 1631)
4(1631 1662 1663 1632)
4(1632 1663 1664 1633)
4(1633 1664 1665 1634)
4(1634 1665 1666 1635)
4(1635 1666 1667 1636)
4(1636 1667 1668 1637)
4(1637 1668 1669 1638)
4(1638 1669 1670 1639)
4(1639 1670 1671 1640)
4(1640 1671 1672 1641)
4(1641 1672 1673 1642)
4(1642 1673 1674 1643)
4(1643 1674 1675 1644)
4(1644 1675 1676 1645)
4(1645 1676 1677 1646)
4(1646 1677 1678 1647)
4(1647 1678 1679 1648)
4(1648 1679 1680 1649)
4(1649 1680 1681 1650)
4(1650 1681 1682 1651)
4(1651 1682 1683 1652)
4(1652 1683 1684 1653)
4(1653 1684 1685 1654)
4(1654 1685 215 216)
4(147 148 1686 1655)
4(1655 1686 1687 1656)
4(1656 1687 1688 1657)
4(1657 1688 1689 1658)
4(1658 1689 1690 1659)
4(1659 1690 1691 1660)
4(1660 1691 1692 1661)
4(1661 1692 1693 1662)
4(1662 1693 1694 1663)
4(1663 1694 1695 1664)
4(1664 1695 1696 1665)
4(1665 1696 1697 1666)
4(1666 1697 1698 1667)
4(1667 1698 1699 1668)
4(1668 1699 1700 1669)
4(1669 1700 1701 1670)
4(1670 1701 1702 1671)
4(1671 1702 1703 1672)
4(1672 1703 1704 1673)
4(1673 1704 1705 1674)
4(1674 1705 1706 1675)
4(1675 1706 1707 1676)
4(1676 1707 1708 1677)
4(1677 1708 1709 1678)
4(1678 1709 1710 1679)
4(1679 1710 1711 1680)
4(1680 1711 1712 1681)
4(1681 1712 1713 1682)
4(1682 1713 1714 1683)
4(1683 1714 1715 1684)
4(1684 1715 1716 1685)
4(1685 1716 214 215)
4(148 149 1717 1686)
4(1686 1717 1718 1687)
4(1687 1718 1719 1688)
4(1688 1719 1720 1689)
4(1689 1720 1721 1690)
4(1690 1721 1722 1691)
4(1691 1722 1723 1692)
4(1692 1723 1724 1693)
4(1693 1724 1725 1694)
4(1694 1725 1726 1695)
4(1695 1726 1727 1696)
4(1696 1727 1728 1697)
4(1697 1728 1729 1698)
4(1698 1729 1730 1699)
4(1699 1730 1731 1700)
4(1700 1731 1732 1701)
4(1701 1732 1733 1702)
4(1702 1733 1734 1703)
4(1703 1734 1735 1704)
4(1704 1735 1736 1705)
4(1705 1736 1737 1706)
4(1706 1737 1738 1707)
4(1707 1738 1739 1708)
4(1708 1739 1740 1709)
4(1709 1740 1741 1710)
4(1710 1741 1742 1711)
4(1711 1742 1743 1712)
4(1712 1743 1744 1713)
4(1713 1744 1745 1714)
4(1714 1745 1746 1715)
4(1715 1746 1747 1716)
4(1716 1747 213 214)
4(149 150 1748 1717)
4(1717 1748 1749 1718)
4(1718 1749 1750 1719)
4(1719 1750 1751 1720)
4(1720 1751 1752 1721)
4(1721 1752 1753 1722)
4(1722 1753 1754 1723)
4(1723 1754 1755 1724)
4(1724 1755 1756 1725)
4(1725 1756 1757 1726)
4(1726 1757 1758 1727)
4(1727 1758 1759 1728)
4(1728 1759 1760 1729)
4(1729 1760 1761 1730)
4(1730 1761 1762 1731)
4(1731 1762 1763 1732)
4(1732 1763 1764 1733)
4(1733 1764 1765 1734)
4(1734 1765 1766 1735)
4(1735 1766 1767 1736)
4(1736 1767 1768 1737)
4(1737 1768 1769 1738)
4(1738 1769 1770 1739)
4(1739 1770 1771 1740)
4(1740 1771 1772 1741)
4(1741 1772 1773 1742)
4(1742 1773 1774 1743)
4(1743 1774 1775 1744)
4(1744 1775 1776 1745)
4(1745 1776 1777 1746)
4(1746 1777 1778 1747)
4(1747 1778 212 213)
4(150 151 1779 1748)
4(1748 1779 1780 1749)
4(1749 1780 1781 1750)
4(1750 1781 1782 1751)
4(1751 1782 1783 1752)
4(1752 1783 1784 1753)
4(1753 1784 1785 1754)
4(1754 1785 1786 1755)
4(1755 1786 1787 1756)
4(1756 1787 1788 1757)
4(1757 1788 1789 1758)
4(1758 1789 1790 1759)
4(1759 1790 1791 1760)
4(1760 1791 1792 1761)
4(1761 1792 1793 1762)
4(1762 1793 1794 1763)
4(1763 1794 1795 1764)
4(1764 1795 1796 1765)
4(1765 1796 1797 1766)
4(1766 1797 1798 1767)
4(1767 1798 1799 1768)
4(1768 1799 1800 1769)
4(1769 1800 1801 1770)
4(1770 1801 1802 1771)
4(1771 1802 1803 1772)
4(1772 1803 1804 1773)
4(1773 1804 1805 1774)
4(1774 1805 1806 1775)
4(1775 1806 1807 1776)
4(1776 1807 1808 1777)
4(1777 1808 1809 1778)
4(1778 1809 211 212)
4(151 152 1810 1779)
4(1779 1810 1811 1780)
4(1780 1811 1812 1781)
4(1781 1812 1813 1782)
4(1782 1813 1814 1783)
4(1783 1814 1815 1784)
4(1784 1815 1816 1785)
4(1785 1816 1817 1786)
4(1786 1817 1818 1787)
4(1787 1818 1819 1788)
4(1788 1819 1820 1789)
4(1789 1820 1821 1790)
4(1790 1821 1822 1791)
4(1791 1822 1823 1792)
4(1792 1823 1824 1793)
4(1793 1824 1825 1794)
4(1794 1825 1826 1795)
4(1795 1826 1827 1796)
4(1796 1827 1828 1797)
4(1797 1828 1829 1798)
4(1798 1829 1830 1799)
4(1799 1830 1831 1800)
4(1800 1831 1832 1801)
4(1801 1832 1833 1802)
4(1802 1833 1834 1803)
4(1803 1834 1835 1804)
4(1804 1835 1836 1805)
4(1805 1836 1837 1806)
4(1806 1837 1838 1807)
4(1807 1838 1839 1808)
4(1808 1839 1840 1809)
4(1809 1840 210 211)
4(152 153 1841 1810)
4(1810 1841 1842 1811)
4(1811 1842 1843 1812)
4(1812 1843 1844 1813)
4(1813 1844 1845 1814)
4(1814 1845 1846 1815)
4(1815 1846 1847 1816)
4(1816 1847 1848 1817)
4(1817 1848 1849 1818)
4(1818 1849 1850 1819)
4(1819 1850 1851 1820)
4(1820 1851 1852 1821)
4(1821 1852 1853 1822)
4(1822 1853 1854 1823)
4(1823 1854 1855 1824)
4(1824 1855 1856 1825)
4(1825 1856 1857 1826)
4(1826 1857 1858 1827)
4(1827 1858 1859 1828)
4(1828 1859 1860 1829)
4(1829 1860 1861 1830)
4(1830 1861 1862 1831)
4(1831 1862 1863 1832)
4(1832 1863 1864 1833)
4(1833 1864 1865 1834)
4(1834 1865 1866 1835)
4(1835 1866 1867 1836)
4(1836 1867 1868 1837)
4(1837 1868 1869 1838)
4(1838 1869 1870 1839)
4(1839 1870 1871 1840)
4(1840 1871 209 210)
4(153 154 1872 1841)
4(1841 1872 1873 1842)
4(1842 1873 1874 1843)
4(1843 1874 1875 1844)
4(1844 1875 1876 1845)
4(1845 1876 1877 1846)
4(1846 1877 1878 1847)
4(1847 1878 1879 1848)
4(1848 1879 1880 1849)
4(1849 1880 1881 1850)
4(1850 1881 1882 1851)
4(1851 1882 1883 1852)
4(1852 1883 1884 1853)
4(1853 1884 1885 1854)
4(1854 1885 1886 1855)
4(1855 1886 1887 1856)
4(1856 1887 1888 1857)
4(1857 1888 1889 1858)
4(1858 1889 1890 1859)
4(1859 1890 1891 1860)
4(1860 1891 1892 1861)
4(1861 1892 1893 1862)
4(1862 1893 1894 1863)
4(1863 1894 1895 1864)
4(1864 1895 1896 1865)
4(1865 1896 1897 1866)
4(1866 1897 1898 1867)
4(1867 1898 1899 1868)
4(1868 1899 1900 1869)
4(1869 1900 1901 1870)
4(1870 1901 1902 1871)
4(1871 1902 208 209)
4(154 155 1903 1872)
4(1872 1903 1904 1873)
4(1873 1904 1905 1874)
4(1874 1905 1906 1875)
4(1875 1906 1907 1876)
4(1876 1907 1908 1877)
4(1877 1908 1909 1878)
4(1878 1909 1910 1879)
4(1879 1910 1911 1880)
4(1880 1911 1912 1881)
4(1881 1912 1913 1882)
4(1882 1913 1914 1883)
4(1883 1914 1915 1884)
4(1884 1915 1916 1885)
4(1885 1916 1917 1886)
4(1886 1917 1918 1887)
4(1887 1918 1919 1888)
4(1888 1919 1920 1889)
4(1889 1920 1921 1890)
4(1890 1921 1922 1891)
4(1891 1922 1923 1892)
4(1892 1923 1924 1893)
4(1893 1924 1925 1894)
4(1894 1925 1926 1895)
4(1895 1926 1927 1896)
4(1896 1927 1928 1897)
4(1897 1928 1929 1898)
4(1898 1929 1930 1899)
4(1899 1930 1931 1900)
4(1900 1931 1932 1901)
4(1901 1932 1933 1902)
4(1902 1933 207 208)
4(155 156 1934 1903)
4(1903 1934 1935 1904)
4(1904 1935 1936 1905)
4(1905 1936 1937 1906)
4(1906 1937 1938 1907)
4(1907 1938 1939 1908)
4(1908 1939 1940 1909)
4(1909 1940 1941 1910)
4(1910 1941 1942 1911)
4(1911 1942 1943 1912)
4(1912 1943 1944 1913)
4(1913 1944 1945 1914)
4(1914 1945 1946 1915)
4(1915 1946 1947 1916)
4(1916 1947 1948 1917)
4(1917 1948 1949 1918)
4(1918 1949 1950 1919)
4(1919 1950 1951 1920)
4(1920 1951 1952 1921)
4(1921 1952 1953 1922)
4(1922 1953 1954 1923)
4(1923 1954 1955 1924)
4(1924 1955 1956 1925)
4(1925 1956 1957 1926)
4(1926 1957 1958 1927)
4(1927 1958 1959 1928)
4(1928 1959 1960 1929)
4(1929 1960 1961 1930)
4(1930 1961 1962 1931)
4(1931 1962 1963 1932)
4(1932 1963 1964 1933)
4(1933 1964 206 207)
4(156 157 1965 1934)
4(1934 1965 1966 1935)
4(1935 1966 1967 1936)
4(1936 1967 1968 1937)
4(1937 1968 1969 1938)
4(1938 1969 1970 1939)
4(1939 1970 1971 1940)
4(1940 1971 1972 1941)
4(1941 1972 1973 1942)
4(1942 1973 1974 1943)
4(1943 1974 1975 1944)
4(1944 1975 1976 1945)
4(1945 1976 1977 1946)
4(1946 1977 1978 1947)
4(1947 1978 1979 1948)
4(1948 1979 1980 1949)
4(1949 1980 1981 1950)
4(1950 1981 1982 1951)
4(1951 1982 1983 1952)
4(1952 1983 1984 1953)
4(1953 1984 1985 1954)
4(1954 1985 1986 1955)
4(1955 1986 1987 1956)
4(1956 1987 1988 1957)
4(1957 1988 1989 1958)
4(1958 1989 1990 1959)
4(1959 1990 1991 1960)
4(1960 1991 1992 1961)
4(1961 1992 1993 1962)
4(1962 1993 1994 1963)
4(1963 1994 1995 1964)
4(1964 1995 205 206)
4(157 158 1996 1965)
4(1965 1996 1997 1966)
4(1966 1997 1998 1967)
4(1967 1998 1999 1968)
4(1968 1999 2000 1969)
4(1969 2000 2001 1970)
4(1970 2001 2002 1971)
4(1971 2002 2003 1972)
4(1972 2003 2004 1973)
4(1973 2004 2005 1974)
4(1974 2005 2006 1975)
4(1975 2006 2007 1976)
4(1976 2007 2008 1977)
4(1977 2008 2009 1978)
4(1978 2009 2010 1979)
4(1979 2010 2011 1980)
4(1980 2011 2012 1981)
4(1981 2012 2013 1982)
4(1982 2013 2014 1983)
4(1983 2014 2015 1984)
4(1984 2015 2016 1985)
4(1985 2016 2017 1986)
4(1986 2017 2018 1987)
4(1987 2018 2019 1988)
4(1988 2019 2020 1989)
4(1989 2020 2021 1990)
4(1990 2021 2022 1991)
4(1991 2022 2023 1992)
4(1992 2023 2024 1993)
4(1993 2024 2025 1994)
4(1994 2025 2026 1995)
4(1995 2026 204 205)
4(158 159 2027 1996)
4(1996 2027 2028 1997)
4(1997 2028 2029 1998)
4(1998 2029 2030 1999)
4(1999 2030 2031 2000)
4(2000 2031 2032 2001)
4(2001 2032 2033 2002)
4(2002 2033 2034 2003)
4(2003 2034 2035 2004)
4(2004 2035 2036 2005)
4(2005 2036 2037 2006)
4(2006 2037 2038 2007)
4(2007 2038 2039 2008)
4(2008 2039 2040 2009)
4(2009 2040 2041 2010)
4(2010 2041 2042 2011)
4(2011 2042 2043 2012)
4(2012 2043 2044 2013)
4(2013 2044 2045 2014)
4(2014 2045 2046 2015)
4(2015 2046 2047 2016)
4(2016 2047 2048 2017)
4(2017 2048 2049 2018)
4(2018 2049 2050 2019)
4(2019 2050 2051 2020)
4(2020 2051 2052 2021)
4(2021 2052 2053 2022)
4(2022 2053 2054 2023)
4(2023 2054 2055 2024)
4(2024 2055 2056 2025)
4(2025 2056 2057 2026)
4(2026 2057 203 204)
4(159 160 2058 2027)
4(2027 2058 2059 2028)
4(2028 2059 2060 2029)
4(2029 2060 2061 2030)
4(2030 2061 2062 2031)
4(2031 2062 2063 2032)
4(2032 2063 2064 2033)
4(2033 2064 2065 2034)
4(2034 2065 2066 2035)
4(2035 2066 2067 2036)
4(2036 2067 2068 2037)
4(2037 2068 2069 2038)
4(2038 2069 2070 2039)
4(2039 2070 2071 2040)
4(2040 2071 2072 2041)
4(2041 2072 2073 2042)
4(2042 2073 2074 2043)
4(2043 2074 2075 2044)
4(2044 2075 2076 2045)
4(2045 2076 2077 2046)
4(2046 2077 2078 2047)
4(2047 2078 2079 2048)
4(2048 2079 2080 2049)
4(2049 2080 2081 2050)
4(2050 2081 2082 2051)
4(2051 2082 2083 2052)
4(2052 2083 2084 2053)
4(2053 2084 2085 2054)
4(2054 2085 2086 2055)
4(2055 2086 2087 2056)
4(2056 2087 2088 2057)
4(2057 2088 202 203)
4(160 161 2089 2058)
4(2058 2089 2090 2059)
4(2059 2090 2091 2060)
4(2060 2091 2092 2061)
4(2061 2092 2093 2062)
4(2062 2093 2094 2063)
4(2063 2094 2095 2064)
4(2064 2095 2096 2065)
4(2065 2096 2097 2066)
4(2066 2097 2098 2067)
4(2067 2098 2099 2068)
4(2068 2099 2100 2069)
4(2069 2100 2101 2070)
4(2070 2101 2102 2071)
4(2071 2102 2103 2072)
4(2072 2103 2104 2073)
4(2073 2104 2105 2074)
4(2074 2105 2106 2075)
4(2075 2106 2107 2076)
4(2076 2107 2108 2077)
4(2077 2108 2109 2078)
4(2078 2109 2110 2079)
4(2079 2110 2111 2080)
4(2080 2111 2112 2081)
4(2081 2112 2113 2082)
4(2082 2113 2114 2083)
4(2083 2114 2115 2084)
4(2084 2115 2116 2085)
4(2085 2116 2117 2086)
4(2086 2117 2118 2087)
4(2087 2118 2119 2088)
4(2088 2119 201 202)
4(161 162 2120 2089)
4(2089 2120 2121 2090)
4(2090 2121 2122 2091)
4(2091 2122 2123 2092)
4(2092 2123 2124 2093)
4(2093 2124 2125 2094)
4(2094 2125 2126 2095)
4(2095 2126 2127 2096)
4(2096 2127 2128 2097)
4(2097 2128 2129 2098)
4(2098 2129 2130 2099)
4(2099 2130 2131 2100)
4(2100 2131 2132 2101)
4(2101 2132 2133 2102)
4(2102 2133 2134 2103)
4(2103 2134 2135 2104)
4(2104 2135 2136 2105)
4(2105 2136 2137 2106)
4(2106 2137 2138 2107)
4(2107 2138 2139 2108)
4(2108 2139 2140 2109)
4(2109 2140 2141 2110)
4(2110 2141 2142 2111)
4(2111 2142 2143 2112)
4(2112 2143 2144 2113)
4(2113 2144 2145 2114)
4(2114 2145 2146 2115)
4(2115 2146 2147 2116)
4(2116 2147 2148 2117)
4(2117 2148 2149 2118)
4(2118 2149 2150 2119)
4(2119 2150 200 201)
4(162 163 2151 2120)
4(2120 2151 2152 2121)
4(2121 2152 2153 2122)
4(2122 2153 2154 2123)
4(2123 2154 2155 2124)
4(2124 2155 2156 2125)
4(2125 2156 2157 2126)
4(2126 2157 2158 2127)
4(2127 2158 2159 2128)
4(2128 2159 2160 2129)
4(2129 2160 2161 2130)
4(2130 2161 2162 2131)
4(2131 2162 2163 2132)
4(2132 2163 2164 2133)
4(2133 2164 2165 2134)
4(2134 2165 2166 2135)
4(2135 2166 2167 2136)
4(2136 2167 2168 2137)
4(2137 2168 2169 2138)
4(2138 2169 2170 2139)
4(2139 2170 2171 2140)
4(2140 2171 2172 2141)
4(2141 2172 2173 2142)
4(2142 2173 2174 2143)
4(2143 2174 2175 2144)
4(2144 2175 2176 2145)
4(2145 2176 2177 2146)
4(2146 2177 2178 2147)
4(2147 2178 2179 2148)
4(2148 2179 2180 2149)
4(2149 2180 2181 2150)
4(2150 2181 199 200)
4(163 164 2182 2151)
4(2151 2182 2183 2152)
4(2152 2183 2184 2153)
4(2153 2184 2185 2154)
4(2154 2185 2186 2155)
4(2155 2186 2187 2156)
4(2156 2187 2188 2157)
4(2157 2188 2189 2158)
4(2158 2189 2190 2159)
4(2159 2190 2191 2160)
4(2160 2191 2192 2161)
4(2161 2192 2193 2162)
4(2162 2193 2194 2163)
4(2163 2194 2195 2164)
4(2164 2195 2196 2165)
4(2165 2196 2197 2166)
4(2166 2197 2198 2167)
4(2167 2198 2199 2168)
4(2168 2199 2200 2169)
4(2169 2200 2201 2170)
4(2170 2201 2202 2171)
4(2171 2202 2203 2172)
4(2172 2203 2204 2173)
4(2173 2204 2205 2174)
4(2174 2205 2206 2175)
4(2175 2206 2207 2176)
4(2176 2207 2208 2177)
4(2177 2208 2209 2178)
4(2178 2209 2210 2179)
4(2179 2210 2211 2180)
4(2180 2211 2212 2181)
4(2181 2212 198 199)
4(164 165 2213 2182)
4(2182 2213 2214 2183)
4(2183 2214 2215 2184)
4(2184 2215 2216 2185)
4(2185 2216 2217 2186)
4(2186 2217 2218 2187)
4(2187 2218 2219 2188)
4(2188 2219 2220 2189)
4(2189 2220 2221 2190)
4(2190 2221 2222 2191)
4(2191 2222 2223 2192)
4(2192 2223 2224 2193)
4(2193 2224 2225 2194)
4(2194 2225 2226 2195)
4(2195 2226 2227 2196)
4(2196 2227 2228 2197)
4(2197 2228 2229 2198)
4(2198 2229 2230 2199)
4(2199 2230 2231 2200)
4(2200 2231 2232 2201)
4(2201 2232 2233 2202)
4(2202 2233 2234 2203)
4(2203 2234 2235 2204)
4(2204 2235 2236 2205)
4(2205 2236 2237 2206)
4(2206 2237 2238 2207)
4(2207 2238 2239 2208)
4(2208 2239 2240 2209)
4(2209 2240 2241 2210)
4(2210 2241 2242 2211)
4(2211 2242 2243 2212)
4(2212 2243 197 198)
4(165 5 166 2213)
4(2213 166 167 2214)
4(2214 167 168 2215)
4(2215 168 169 2216)
4(2216 169 170 2217)
4(2217 170 171 2218)
4(2218 171 172 2219)
4(2219 172 173 2220)
4(2220 173 174 2221)
4(2221 174 175 2222)
4(2222 175 176 2223)
4(2223 176 177 2224)
4(2224 177 178 2225)
4(2225 178 179 2226)
4(2226 179 180 2227)
4(2227 180 181 2228)
4(2228 181 182 2229)
4(2229 182 183 2230)
4(2230 183 184 2231)
4(2231 184 185 2232)
4(2232 185 186 2233)
4(2233 186 187 2234)
4(2234 187 188 2235)
4(2235 188 189 2236)
4(2236 189 190 2237)
4(2237 190 191 2238)
4(2238 191 192 2239)
4(2239 192 193 2240)
4(2240 193 194 2241)
4(2241 194 195 2242)
4(2242 195 196 2243)
4(2243 196 6 197)
)


// ************************************************************************* //
