/*--------------------------------*- C++ -*----------------------------------*\
  =========                 |
  \\      /  F ield         | OpenFOAM: The Open Source CFD Toolbox
   \\    /   O peration     | Website:  https://openfoam.org
    \\  /    A nd           | Version:  7
     \\/     M anipulation  |
\*---------------------------------------------------------------------------*/
FoamFile
{
    version     2.0;
    format      ascii;
    class       vectorField;
    location    "constant/polyMesh";
    object      points;
}
// * * * * * * * * * * * * * * * * * * * * * * * * * * * * * * * * * * * * * //


2244
(
(0 0 0)
(0.15 0 0)
(0.15 0.0975 0)
(0 0.0975 0)
(0 0 0.29)
(0.15 0 0.29)
(0.15 0.0975 0.29)
(0 0.0975 0.29)
(0.00459762 0.000776018 0)
(0.009171 0.00168471 0)
(0.0137276 0.00267434 0)
(0.0182774 0.00369536 0)
(0.0228309 0.0046992 0)
(0.0273985 0.00563675 0)
(0.0319885 0.00645702 0)
(0.0366056 0.00710617 0)
(0.0412488 0.00752741 0)
(0.0459088 0.00766236 0)
(0.0505658 0.00745328 0)
(0.0551768 0.00677493 0)
(0.0597044 0.00566532 0)
(0.0641457 0.0042472 0)
(0.0685171 0.00262514 0)
(0.0728441 0.00088751 0)
(0.0771559 -0.00088751 0)
(0.0814829 -0.00262514 0)
(0.0858543 -0.0042472 0)
(0.0902956 -0.00566532 0)
(0.0948232 -0.00677493 0)
(0.0994342 -0.00745328 0)
(0.104091 -0.00766236 0)
(0.108751 -0.00752741 0)
(0.113394 -0.00710617 0)
(0.118012 -0.00645702 0)
(0.122602 -0.00563675 0)
(0.127169 -0.0046992 0)
(0.131723 -0.00369536 0)
(0.136272 -0.00267434 0)
(0.140829 -0.00168471 0)
(0.145402 -0.000776018 0)
(0.15 0.000134959 0)
(0.15 0.00029157 0)
(0.15 0.000473306 0)
(0.15 0.000684199 0)
(0.15 0.000928925 0)
(0.15 0.00121291 0)
(0.15 0.00154246 0)
(0.15 0.00192488 0)
(0.15 0.00236865 0)
(0.15 0.00288361 0)
(0.15 0.0034812 0)
(0.15 0.00417465 0)
(0.15 0.00497935 0)
(0.15 0.00591315 0)
(0.15 0.00699677 0)
(0.15 0.00825423 0)
(0.15 0.00971342 0)
(0.15 0.0114067 0)
(0.15 0.0133717 0)
(0.15 0.0156519 0)
(0.15 0.0182979 0)
(0.15 0.0213684 0)
(0.15 0.0249315 0)
(0.15 0.0290663 0)
(0.15 0.0338644 0)
(0.15 0.0394322 0)
(0.15 0.0458934 0)
(0.15 0.053391 0)
(0.15 0.0620916 0)
(0.15 0.072188 0)
(0.15 0.0839042 0)
(0.145455 0.0975 0)
(0.140909 0.0975 0)
(0.136364 0.0975 0)
(0.131818 0.0975 0)
(0.127273 0.0975 0)
(0.122727 0.0975 0)
(0.118182 0.0975 0)
(0.113636 0.0975 0)
(0.109091 0.0975 0)
(0.104545 0.0975 0)
(0.1 0.0975 0)
(0.0954545 0.0975 0)
(0.0909091 0.0975 0)
(0.0863636 0.0975 0)
(0.0818182 0.0975 0)
(0.0772727 0.0975 0)
(0.0727273 0.0975 0)
(0.0681818 0.0975 0)
(0.0636364 0.0975 0)
(0.0590909 0.0975 0)
(0.0545455 0.0975 0)
(0.05 0.0975 0)
(0.0454545 0.0975 0)
(0.0409091 0.0975 0)
(0.0363636 0.0975 0)
(0.0318182 0.0975 0)
(0.0272727 0.0975 0)
(0.0227273 0.0975 0)
(0.0181818 0.0975 0)
(0.0136364 0.0975 0)
(0.00909091 0.0975 0)
(0.00454545 0.0975 0)
(0 0.0839042 0)
(0 0.072188 0)
(0 0.0620916 0)
(0 0.053391 0)
(0 0.0458934 0)
(0 0.0394322 0)
(0 0.0338644 0)
(0 0.0290663 0)
(0 0.0249315 0)
(0 0.0213684 0)
(0 0.0182979 0)
(0 0.0156519 0)
(0 0.0133717 0)
(0 0.0114067 0)
(0 0.00971342 0)
(0 0.00825423 0)
(0 0.00699677 0)
(0 0.00591315 0)
(0 0.00497935 0)
(0 0.00417465 0)
(0 0.0034812 0)
(0 0.00288361 0)
(0 0.00236865 0)
(0 0.00192488 0)
(0 0.00154246 0)
(0 0.00121291 0)
(0 0.000928925 0)
(0 0.000684199 0)
(0 0.000473306 0)
(0 0.00029157 0)
(0 0.000134959 0)
(0.00459762 0.000776018 0.29)
(0.009171 0.00168471 0.29)
(0.0137276 0.00267434 0.29)
(0.0182774 0.00369536 0.29)
(0.0228309 0.0046992 0.29)
(0.0273985 0.00563675 0.29)
(0.0319885 0.00645702 0.29)
(0.0366056 0.00710617 0.29)
(0.0412488 0.00752741 0.29)
(0.0459088 0.00766236 0.29)
(0.0505658 0.00745328 0.29)
(0.0551768 0.00677493 0.29)
(0.0597044 0.00566532 0.29)
(0.0641457 0.0042472 0.29)
(0.0685171 0.00262514 0.29)
(0.0728441 0.00088751 0.29)
(0.0771559 -0.00088751 0.29)
(0.0814829 -0.00262514 0.29)
(0.0858543 -0.0042472 0.29)
(0.0902956 -0.00566532 0.29)
(0.0948232 -0.00677493 0.29)
(0.0994342 -0.00745328 0.29)
(0.104091 -0.00766236 0.29)
(0.108751 -0.00752741 0.29)
(0.113394 -0.00710617 0.29)
(0.118012 -0.00645702 0.29)
(0.122602 -0.00563675 0.29)
(0.127169 -0.0046992 0.29)
(0.131723 -0.00369536 0.29)
(0.136272 -0.00267434 0.29)
(0.140829 -0.00168471 0.29)
(0.145402 -0.000776018 0.29)
(0.15 0.000134959 0.29)
(0.15 0.00029157 0.29)
(0.15 0.000473306 0.29)
(0.15 0.000684199 0.29)
(0.15 0.000928925 0.29)
(0.15 0.00121291 0.29)
(0.15 0.00154246 0.29)
(0.15 0.00192488 0.29)
(0.15 0.00236865 0.29)
(0.15 0.00288361 0.29)
(0.15 0.0034812 0.29)
(0.15 0.00417465 0.29)
(0.15 0.00497935 0.29)
(0.15 0.00591315 0.29)
(0.15 0.00699677 0.29)
(0.15 0.00825423 0.29)
(0.15 0.00971342 0.29)
(0.15 0.0114067 0.29)
(0.15 0.0133717 0.29)
(0.15 0.0156519 0.29)
(0.15 0.0182979 0.29)
(0.15 0.0213684 0.29)
(0.15 0.0249315 0.29)
(0.15 0.0290663 0.29)
(0.15 0.0338644 0.29)
(0.15 0.0394322 0.29)
(0.15 0.0458934 0.29)
(0.15 0.053391 0.29)
(0.15 0.0620916 0.29)
(0.15 0.072188 0.29)
(0.15 0.0839042 0.29)
(0.145455 0.0975 0.29)
(0.140909 0.0975 0.29)
(0.136364 0.0975 0.29)
(0.131818 0.0975 0.29)
(0.127273 0.0975 0.29)
(0.122727 0.0975 0.29)
(0.118182 0.0975 0.29)
(0.113636 0.0975 0.29)
(0.109091 0.0975 0.29)
(0.104545 0.0975 0.29)
(0.1 0.0975 0.29)
(0.0954545 0.0975 0.29)
(0.0909091 0.0975 0.29)
(0.0863636 0.0975 0.29)
(0.0818182 0.0975 0.29)
(0.0772727 0.0975 0.29)
(0.0727273 0.0975 0.29)
(0.0681818 0.0975 0.29)
(0.0636364 0.0975 0.29)
(0.0590909 0.0975 0.29)
(0.0545455 0.0975 0.29)
(0.05 0.0975 0.29)
(0.0454545 0.0975 0.29)
(0.0409091 0.0975 0.29)
(0.0363636 0.0975 0.29)
(0.0318182 0.0975 0.29)
(0.0272727 0.0975 0.29)
(0.0227273 0.0975 0.29)
(0.0181818 0.0975 0.29)
(0.0136364 0.0975 0.29)
(0.00909091 0.0975 0.29)
(0.00454545 0.0975 0.29)
(0 0.0839042 0.29)
(0 0.072188 0.29)
(0 0.0620916 0.29)
(0 0.053391 0.29)
(0 0.0458934 0.29)
(0 0.0394322 0.29)
(0 0.0338644 0.29)
(0 0.0290663 0.29)
(0 0.0249315 0.29)
(0 0.0213684 0.29)
(0 0.0182979 0.29)
(0 0.0156519 0.29)
(0 0.0133717 0.29)
(0 0.0114067 0.29)
(0 0.00971342 0.29)
(0 0.00825423 0.29)
(0 0.00699677 0.29)
(0 0.00591315 0.29)
(0 0.00497935 0.29)
(0 0.00417465 0.29)
(0 0.0034812 0.29)
(0 0.00288361 0.29)
(0 0.00236865 0.29)
(0 0.00192488 0.29)
(0 0.00154246 0.29)
(0 0.00121291 0.29)
(0 0.000928925 0.29)
(0 0.000684199 0.29)
(0 0.000473306 0.29)
(0 0.00029157 0.29)
(0 0.000134959 0.29)
(0.00459755 0.000909903 0)
(0.00459746 0.00106527 0)
(0.00459737 0.00124556 0)
(0.00459725 0.00145477 0)
(0.00459712 0.00169755 0)
(0.00459697 0.00197928 0)
(0.00459679 0.0023062 0)
(0.00459659 0.00268558 0)
(0.00459635 0.00312581 0)
(0.00459608 0.00363668 0)
(0.00459576 0.00422951 0)
(0.00459539 0.00491744 0)
(0.00459496 0.00571574 0)
(0.00459446 0.00664211 0)
(0.00459388 0.0077171 0)
(0.0045932 0.00896455 0)
(0.00459242 0.0104121 0)
(0.00459152 0.012092 0)
(0.00459047 0.0140413 0)
(0.00458925 0.0163033 0)
(0.00458783 0.0189283 0)
(0.00458619 0.0219743 0)
(0.00458428 0.0255091 0)
(0.00458207 0.0296109 0)
(0.0045795 0.0343709 0)
(0.00457652 0.0398944 0)
(0.00457307 0.0463041 0)
(0.00456905 0.0537421 0)
(0.0045644 0.0623734 0)
(0.004559 0.0723895 0)
(0.00455273 0.0840124 0)
(0.00917089 0.00181734 0)
(0.00917076 0.00197124 0)
(0.00917061 0.00214984 0)
(0.00917044 0.00235709 0)
(0.00917024 0.00259759 0)
(0.00917001 0.00287667 0)
(0.00916974 0.00320052 0)
(0.00916942 0.00357633 0)
(0.00916906 0.00401243 0)
(0.00916863 0.0045185 0)
(0.00916814 0.00510576 0)
(0.00916757 0.00578723 0)
(0.00916691 0.00657802 0)
(0.00916614 0.00749569 0)
(0.00916525 0.00856058 0)
(0.00916422 0.00979631 0)
(0.00916302 0.0112303 0)
(0.00916163 0.0128943 0)
(0.00916002 0.0148253 0)
(0.00915814 0.0170661 0)
(0.00915597 0.0196664 0)
(0.00915345 0.0226839 0)
(0.00915052 0.0261854 0)
(0.00914713 0.0302487 0)
(0.00914318 0.0349639 0)
(0.00913861 0.0404356 0)
(0.0091333 0.0467851 0)
(0.00912714 0.0541532 0)
(0.00912 0.0627034 0)
(0.0091117 0.0726254 0)
(0.00910208 0.0841391 0)
(0.0137275 0.00280559 0)
(0.0137274 0.00295791 0)
(0.0137272 0.00313466 0)
(0.013727 0.00333977 0)
(0.0137268 0.00357778 0)
(0.0137265 0.00385398 0)
(0.0137262 0.00417449 0)
(0.0137258 0.00454642 0)
(0.0137254 0.00497802 0)
(0.0137249 0.00547886 0)
(0.0137244 0.00606005 0)
(0.0137237 0.00673448 0)
(0.013723 0.00751711 0)
(0.0137221 0.0084253 0)
(0.0137211 0.00947919 0)
(0.0137199 0.0107022 0)
(0.0137185 0.0121213 0)
(0.013717 0.0137682 0)
(0.0137151 0.0156792 0)
(0.013713 0.0178969 0)
(0.0137105 0.0204703 0)
(0.0137076 0.0234566 0)
(0.0137043 0.026922 0)
(0.0137004 0.0309433 0)
(0.0136959 0.0356098 0)
(0.0136907 0.041025 0)
(0.0136847 0.0473089 0)
(0.0136777 0.0546009 0)
(0.0136695 0.0630628 0)
(0.0136601 0.0728823 0)
(0.0136491 0.0842771 0)
(0.0182772 0.00382521 0)
(0.0182771 0.00397588 0)
(0.0182769 0.00415073 0)
(0.0182767 0.00435363 0)
(0.0182765 0.00458908 0)
(0.0182762 0.00486231 0)
(0.0182759 0.00517936 0)
(0.0182755 0.00554729 0)
(0.018275 0.00597424 0)
(0.0182745 0.00646969 0)
(0.018274 0.00704462 0)
(0.0182733 0.00771179 0)
(0.0182725 0.00848599 0)
(0.0182716 0.0093844 0)
(0.0182705 0.0104269 0)
(0.0182693 0.0116367 0)
(0.0182678 0.0130406 0)
(0.0182662 0.0146698 0)
(0.0182643 0.0165602 0)
(0.018262 0.018754 0)
(0.0182594 0.0212997 0)
(0.0182564 0.0242539 0)
(0.0182529 0.0276819 0)
(0.0182489 0.03166 0)
(0.0182442 0.0362762 0)
(0.0182387 0.0416331 0)
(0.0182324 0.0478493 0)
(0.018225 0.0550628 0)
(0.0182165 0.0634336 0)
(0.0182066 0.0731474 0)
(0.0181951 0.0844195 0)
(0.0228308 0.00482766 0)
(0.0228306 0.00497672 0)
(0.0228304 0.0051497 0)
(0.0228302 0.00535043 0)
(0.0228299 0.00558336 0)
(0.0228296 0.00585366 0)
(0.0228293 0.00616732 0)
(0.0228289 0.00653131 0)
(0.0228284 0.00695369 0)
(0.0228278 0.00744384 0)
(0.0228272 0.00801262 0)
(0.0228265 0.00867265 0)
(0.0228256 0.00943857 0)
(0.0228246 0.0103274 0)
(0.0228235 0.0113588 0)
(0.0228221 0.0125556 0)
(0.0228206 0.0139445 0)
(0.0228188 0.0155562 0)
(0.0228167 0.0174264 0)
(0.0228143 0.0195967 0)
(0.0228114 0.0221152 0)
(0.0228082 0.0250377 0)
(0.0228044 0.0284291 0)
(0.0228 0.0323646 0)
(0.0227949 0.0369314 0)
(0.022789 0.0422309 0)
(0.0227821 0.0483806 0)
(0.0227742 0.055517 0)
(0.0227649 0.0637982 0)
(0.0227542 0.073408 0)
(0.0227417 0.0845595 0)
(0.0273983 0.00576391 0)
(0.0273981 0.00591146 0)
(0.0273979 0.00608269 0)
(0.0273976 0.00628139 0)
(0.0273973 0.00651197 0)
(0.0273969 0.00677954 0)
(0.0273965 0.00709004 0)
(0.027396 0.00745035 0)
(0.0273954 0.00786846 0)
(0.0273948 0.00835366 0)
(0.027394 0.00891669 0)
(0.0273931 0.00957005 0)
(0.0273921 0.0103282 0)
(0.0273909 0.011208 0)
(0.0273895 0.012229 0)
(0.0273878 0.0134138 0)
(0.027386 0.0147886 0)
(0.0273838 0.016384 0)
(0.0273812 0.0182354 0)
(0.0273783 0.0203837 0)
(0.0273749 0.0228768 0)
(0.0273709 0.0257698 0)
(0.0273663 0.0291269 0)
(0.027361 0.0330226 0)
(0.0273548 0.0375433 0)
(0.0273476 0.0427893 0)
(0.0273393 0.0488769 0)
(0.0273296 0.0559411 0)
(0.0273184 0.0641387 0)
(0.0273054 0.0736514 0)
(0.0272903 0.0846902 0)
(0.0319882 0.00658304 0)
(0.031988 0.00672928 0)
(0.0319876 0.00689898 0)
(0.0319873 0.0070959 0)
(0.0319868 0.00732442 0)
(0.0319863 0.0075896 0)
(0.0319858 0.00789733 0)
(0.0319851 0.00825442 0)
(0.0319843 0.0086688 0)
(0.0319834 0.00914966 0)
(0.0319824 0.00970767 0)
(0.0319812 0.0103552 0)
(0.0319798 0.0111066 0)
(0.0319781 0.0119786 0)
(0.0319762 0.0129904 0)
(0.031974 0.0141646 0)
(0.0319715 0.0155272 0)
(0.0319685 0.0171083 0)
(0.0319651 0.0189431 0)
(0.0319611 0.0210723 0)
(0.0319565 0.0235431 0)
(0.0319511 0.0264103 0)
(0.0319449 0.0297374 0)
(0.0319377 0.0335983 0)
(0.0319293 0.0380787 0)
(0.0319196 0.0432778 0)
(0.0319083 0.049311 0)
(0.0318952 0.0563122 0)
(0.03188 0.0644366 0)
(0.0318624 0.0738643 0)
(0.0318419 0.0848046 0)
(0.0366052 0.00723129 0)
(0.0366049 0.00737648 0)
(0.0366044 0.00754498 0)
(0.0366039 0.0077405 0)
(0.0366033 0.00796739 0)
(0.0366026 0.00823068 0)
(0.0366017 0.00853621 0)
(0.0366008 0.00889075 0)
(0.0365997 0.00930218 0)
(0.0365984 0.00977961 0)
(0.0365969 0.0103336 0)
(0.0365952 0.0109765 0)
(0.0365932 0.0117226 0)
(0.0365909 0.0125883 0)
(0.0365882 0.013593 0)
(0.0365851 0.0147588 0)
(0.0365815 0.0161116 0)
(0.0365773 0.0176815 0)
(0.0365724 0.0195033 0)
(0.0365667 0.0216173 0)
(0.0365602 0.0240704 0)
(0.0365526 0.0269172 0)
(0.0365437 0.0302206 0)
(0.0365334 0.034054 0)
(0.0365215 0.0385024 0)
(0.0365077 0.0436644 0)
(0.0364917 0.0496546 0)
(0.0364731 0.0566059 0)
(0.0364515 0.0646723 0)
(0.0364264 0.0740328 0)
(0.0363974 0.0848951 0)
(0.0412483 0.00765195 0)
(0.0412478 0.00779647 0)
(0.0412471 0.00796417 0)
(0.0412464 0.00815878 0)
(0.0412456 0.00838461 0)
(0.0412446 0.00864668 0)
(0.0412434 0.00895078 0)
(0.0412421 0.00930368 0)
(0.0412405 0.00971319 0)
(0.0412387 0.0101884 0)
(0.0412367 0.0107398 0)
(0.0412343 0.0113798 0)
(0.0412314 0.0121223 0)
(0.0412282 0.012984 0)
(0.0412244 0.013984 0)
(0.04122 0.0151444 0)
(0.041215 0.0164909 0)
(0.0412091 0.0180535 0)
(0.0412022 0.0198667 0)
(0.0411943 0.0219709 0)
(0.041185 0.0244126 0)
(0.0411743 0.0272461 0)
(0.0411619 0.0305341 0)
(0.0411475 0.0343496 0)
(0.0411308 0.0387773 0)
(0.0411114 0.0439153 0)
(0.0410889 0.0498776 0)
(0.0410628 0.0567964 0)
(0.0410325 0.0648253 0)
(0.0409973 0.0741422 0)
(0.0409565 0.0849538 0)
(0.0459082 0.00778671 0)
(0.0459075 0.00793102 0)
(0.0459066 0.00809847 0)
(0.0459057 0.00829279 0)
(0.0459045 0.00851828 0)
(0.0459032 0.00877995 0)
(0.0459017 0.0090836 0)
(0.0458999 0.00943597 0)
(0.0458978 0.00984486 0)
(0.0458954 0.0103194 0)
(0.0458926 0.01087 0)
(0.0458894 0.0115089 0)
(0.0458856 0.0122504 0)
(0.0458813 0.0131108 0)
(0.0458762 0.0141093 0)
(0.0458704 0.0152679 0)
(0.0458636 0.0166124 0)
(0.0458557 0.0181726 0)
(0.0458465 0.0199832 0)
(0.0458359 0.0220842 0)
(0.0458236 0.0245222 0)
(0.0458093 0.0273514 0)
(0.0457927 0.0306345 0)
(0.0457734 0.0344444 0)
(0.0457511 0.0388654 0)
(0.0457251 0.0439957 0)
(0.045695 0.049949 0)
(0.0456601 0.0568575 0)
(0.0456195 0.0648743 0)
(0.0455725 0.0741772 0)
(0.0455179 0.0849727 0)
(0.050565 0.00757792 0)
(0.0505641 0.00772256 0)
(0.050563 0.0078904 0)
(0.0505618 0.00808518 0)
(0.0505604 0.00831119 0)
(0.0505587 0.00857347 0)
(0.0505568 0.00887783 0)
(0.0505546 0.00923101 0)
(0.050552 0.00964086 0)
(0.050549 0.0101165 0)
(0.0505456 0.0106684 0)
(0.0505415 0.0113088 0)
(0.0505369 0.012052 0)
(0.0505314 0.0129144 0)
(0.0505252 0.0139152 0)
(0.0505179 0.0150765 0)
(0.0505094 0.0164242 0)
(0.0504996 0.017988 0)
(0.0504882 0.0198028 0)
(0.0504749 0.0219087 0)
(0.0504596 0.0243524 0)
(0.0504418 0.0271882 0)
(0.0504211 0.0304789 0)
(0.0503971 0.0342976 0)
(0.0503693 0.0387289 0)
(0.0503369 0.0438712 0)
(0.0502995 0.0498384 0)
(0.0502559 0.0567629 0)
(0.0502055 0.0647984 0)
(0.0501469 0.074123 0)
(0.0500789 0.0849435 0)
(0.0551759 0.00690051 0)
(0.0551749 0.00704624 0)
(0.0551737 0.00721535 0)
(0.0551723 0.00741159 0)
(0.0551707 0.00763931 0)
(0.0551689 0.00790356 0)
(0.0551668 0.00821021 0)
(0.0551643 0.00856606 0)
(0.0551614 0.00897899 0)
(0.0551581 0.00945817 0)
(0.0551542 0.0100142 0)
(0.0551497 0.0106595 0)
(0.0551445 0.0114083 0)
(0.0551385 0.0122772 0)
(0.0551315 0.0132855 0)
(0.0551233 0.0144556 0)
(0.0551139 0.0158134 0)
(0.0551029 0.017389 0)
(0.0550902 0.0192175 0)
(0.0550754 0.0213392 0)
(0.0550583 0.0238014 0)
(0.0550384 0.0266585 0)
(0.0550153 0.029974 0)
(0.0549886 0.0338215 0)
(0.0549575 0.0382862 0)
(0.0549214 0.0434672 0)
(0.0548796 0.0494793 0)
(0.0548311 0.056456 0)
(0.0547747 0.064552 0)
(0.0547093 0.0739468 0)
(0.0546335 0.0848489 0)
(0.0597035 0.00579243 0)
(0.0597025 0.00593994 0)
(0.0597014 0.00611112 0)
(0.0597001 0.00630976 0)
(0.0596985 0.00654026 0)
(0.0596967 0.00680775 0)
(0.0596947 0.00711815 0)
(0.0596923 0.00747835 0)
(0.0596895 0.00789633 0)
(0.0596862 0.00838138 0)
(0.0596825 0.00894423 0)
(0.0596781 0.00959739 0)
(0.059673 0.0103553 0)
(0.0596672 0.0112349 0)
(0.0596603 0.0122555 0)
(0.0596524 0.0134399 0)
(0.0596433 0.0148143 0)
(0.0596326 0.0164092 0)
(0.0596202 0.01826 0)
(0.0596059 0.0204077 0)
(0.0595892 0.0229 0)
(0.0595699 0.0257921 0)
(0.0595475 0.0291482 0)
(0.0595215 0.0330427 0)
(0.0594913 0.037562 0)
(0.0594563 0.0428063 0)
(0.0594156 0.048892 0)
(0.0593684 0.055954 0)
(0.0593137 0.064149 0)
(0.0592502 0.0736588 0)
(0.0591765 0.0846942 0)
(0.064145 0.00437628 0)
(0.0641442 0.00452607 0)
(0.0641433 0.00469989 0)
(0.0641422 0.0049016 0)
(0.0641409 0.00513566 0)
(0.0641394 0.00540728 0)
(0.0641377 0.00572247 0)
(0.0641357 0.00608823 0)
(0.0641334 0.00651267 0)
(0.0641307 0.0070052 0)
(0.0641275 0.00757675 0)
(0.0641239 0.00824 0)
(0.0641197 0.00900965 0)
(0.0641148 0.00990277 0)
(0.0641092 0.0109392 0)
(0.0641026 0.0121419 0)
(0.064095 0.0135375 0)
(0.0640861 0.015157 0)
(0.0640759 0.0170364 0)
(0.064064 0.0192173 0)
(0.0640501 0.021748 0)
(0.0640341 0.0246848 0)
(0.0640155 0.0280927 0)
(0.0639939 0.0320473 0)
(0.0639688 0.0366364 0)
(0.0639397 0.0419617 0)
(0.063906 0.0481414 0)
(0.0638668 0.0553125 0)
(0.0638213 0.063634 0)
(0.0637686 0.0732906 0)
(0.0637074 0.0844964 0)
(0.0685167 0.00275647 0)
(0.0685161 0.00290886 0)
(0.0685155 0.00308571 0)
(0.0685148 0.00329092 0)
(0.0685139 0.00352906 0)
(0.068513 0.0038054 0)
(0.0685118 0.00412607 0)
(0.0685105 0.0044982 0)
(0.068509 0.00493002 0)
(0.0685072 0.00543112 0)
(0.0685052 0.00601261 0)
(0.0685028 0.00668739 0)
(0.0685 0.00747043 0)
(0.0684968 0.00837909 0)
(0.0684931 0.00943353 0)
(0.0684887 0.0106571 0)
(0.0684837 0.012077 0)
(0.0684779 0.0137247 0)
(0.0684711 0.0156368 0)
(0.0684633 0.0178556 0)
(0.0684542 0.0204304 0)
(0.0684436 0.0234182 0)
(0.0684314 0.0268854 0)
(0.0684172 0.0309088 0)
(0.0684007 0.0355777 0)
(0.0683815 0.0409957 0)
(0.0683593 0.0472828 0)
(0.0683335 0.0545787 0)
(0.0683036 0.063045 0)
(0.0682689 0.0728695 0)
(0.0682286 0.0842702 0)
(0.0728439 0.00102124 0)
(0.0728437 0.00117643 0)
(0.0728435 0.00135651 0)
(0.0728433 0.00156548 0)
(0.072843 0.00180798 0)
(0.0728426 0.00208938 0)
(0.0728422 0.00241593 0)
(0.0728418 0.00279487 0)
(0.0728413 0.0032346 0)
(0.0728406 0.00374488 0)
(0.0728399 0.00433702 0)
(0.0728391 0.00502416 0)
(0.0728381 0.00582154 0)
(0.072837 0.00674684 0)
(0.0728357 0.00782059 0)
(0.0728342 0.0090666 0)
(0.0728325 0.0105125 0)
(0.0728304 0.0121904 0)
(0.0728281 0.0141375 0)
(0.0728253 0.0163969 0)
(0.0728222 0.0190188 0)
(0.0728185 0.0220614 0)
(0.0728142 0.0255921 0)
(0.0728093 0.0296892 0)
(0.0728035 0.0344436 0)
(0.0727968 0.0399608 0)
(0.0727891 0.0463631 0)
(0.0727801 0.0537926 0)
(0.0727697 0.0624139 0)
(0.0727576 0.0724184 0)
(0.0727436 0.0840279 0)
(0.0771561 -0.000751322 0)
(0.0771563 -0.000593286 0)
(0.0771565 -0.000409895 0)
(0.0771567 -0.000197083 0)
(0.077157 4.98702e-05 0)
(0.0771574 0.000336443 0)
(0.0771578 0.000668991 0)
(0.0771582 0.00105489 0)
(0.0771588 0.0015027 0)
(0.0771594 0.00202235 0)
(0.0771601 0.00262537 0)
(0.0771609 0.00332514 0)
(0.0771619 0.00413717 0)
(0.077163 0.00507947 0)
(0.0771643 0.00617295 0)
(0.0771658 0.00744185 0)
(0.0771676 0.00891433 0)
(0.0771696 0.010623 0)
(0.0771719 0.0126059 0)
(0.0771747 0.0149068 0)
(0.0771778 0.0175769 0)
(0.0771815 0.0206754 0)
(0.0771858 0.0242709 0)
(0.0771907 0.0284433 0)
(0.0771965 0.0332851 0)
(0.0772032 0.0389037 0)
(0.0772109 0.0454236 0)
(0.0772199 0.0529895 0)
(0.0772303 0.0617693 0)
(0.0772424 0.0719576 0)
(0.0772564 0.0837804 0)
(0.0814833 -0.00248655 0)
(0.0814839 -0.00232572 0)
(0.0814845 -0.00213909 0)
(0.0814852 -0.00192252 0)
(0.0814861 -0.00167121 0)
(0.081487 -0.00137957 0)
(0.0814882 -0.00104115 0)
(0.0814895 -0.000648438 0)
(0.081491 -0.000192719 0)
(0.0814928 0.000336111 0)
(0.0814948 0.000949782 0)
(0.0814972 0.0016619 0)
(0.0815 0.00248827 0)
(0.0815032 0.00344722 0)
(0.0815069 0.00456001 0)
(0.0815113 0.00585133 0)
(0.0815163 0.00734981 0)
(0.0815221 0.0090887 0)
(0.0815289 0.0111066 0)
(0.0815367 0.0134481 0)
(0.0815458 0.0161654 0)
(0.0815564 0.0193186 0)
(0.0815686 0.0229776 0)
(0.0815828 0.0272237 0)
(0.0815993 0.032151 0)
(0.0816185 0.0378688 0)
(0.0816407 0.0445039 0)
(0.0816665 0.0522034 0)
(0.0816964 0.0611383 0)
(0.0817311 0.0715065 0)
(0.0817714 0.0835381 0)
(0.085855 -0.00410636 0)
(0.0858558 -0.00394293 0)
(0.0858567 -0.00375328 0)
(0.0858578 -0.0035332 0)
(0.0858591 -0.00327781 0)
(0.0858606 -0.00298145 0)
(0.0858623 -0.00263755 0)
(0.0858643 -0.00223847 0)
(0.0858666 -0.00177537 0)
(0.0858693 -0.00123798 0)
(0.0858725 -0.000614363 0)
(0.0858761 0.000109297 0)
(0.0858803 0.000949054 0)
(0.0858852 0.00192353 0)
(0.0858908 0.00305435 0)
(0.0858974 0.00436659 0)
(0.085905 0.00588935 0)
(0.0859139 0.00765641 0)
(0.0859241 0.00970696 0)
(0.085936 0.0120865 0)
(0.0859499 0.0148478 0)
(0.0859659 0.018052 0)
(0.0859845 0.0217704 0)
(0.0860061 0.0260852 0)
(0.0860312 0.0310923 0)
(0.0860603 0.0369027 0)
(0.086094 0.0436453 0)
(0.0861332 0.0514696 0)
(0.0861787 0.0605492 0)
(0.0862314 0.0710854 0)
(0.0862926 0.0833119 0)
(0.0902965 -0.00552252 0)
(0.0902975 -0.0053568 0)
(0.0902986 -0.00516451 0)
(0.0902999 -0.00494136 0)
(0.0903015 -0.00468242 0)
(0.0903033 -0.00438193 0)
(0.0903053 -0.00403323 0)
(0.0903077 -0.00362859 0)
(0.0903105 -0.00315903 0)
(0.0903138 -0.00261415 0)
(0.0903175 -0.00198184 0)
(0.0903219 -0.0012481 0)
(0.090327 -0.000396636 0)
(0.0903328 0.000591426 0)
(0.0903397 0.00173801 0)
(0.0903476 0.00306853 0)
(0.0903567 0.00461251 0)
(0.0903674 0.0064042 0)
(0.0903798 0.00848333 0)
(0.0903941 0.010896 0)
(0.0904108 0.0136958 0)
(0.0904301 0.0169447 0)
(0.0904525 0.0207149 0)
(0.0904785 0.0250899 0)
(0.0905087 0.0301668 0)
(0.0905437 0.0360582 0)
(0.0905844 0.0428947 0)
(0.0906316 0.0508281 0)
(0.0906863 0.0600342 0)
(0.0907498 0.0707172 0)
(0.0908235 0.0831142 0)
(0.0948241 -0.00663059 0)
(0.0948251 -0.0064631 0)
(0.0948263 -0.00626874 0)
(0.0948277 -0.00604319 0)
(0.0948293 -0.00578146 0)
(0.0948311 -0.00547774 0)
(0.0948332 -0.00512529 0)
(0.0948357 -0.0047163 0)
(0.0948386 -0.00424169 0)
(0.0948419 -0.00369094 0)
(0.0948458 -0.00305184 0)
(0.0948503 -0.0023102 0)
(0.0948555 -0.00144958 0)
(0.0948615 -0.000450893 0)
(0.0948685 0.000708018 0)
(0.0948767 0.00205285 0)
(0.0948861 0.00361344 0)
(0.0948971 0.0054244 0)
(0.0949098 0.0075259 0)
(0.0949246 0.00996453 0)
(0.0949417 0.0127944 0)
(0.0949616 0.0160783 0)
(0.0949847 0.019889 0)
(0.0950114 0.024311 0)
(0.0950425 0.0294426 0)
(0.0950786 0.0353973 0)
(0.0951204 0.0423074 0)
(0.0951689 0.0503261 0)
(0.0952253 0.0596312 0)
(0.0952907 0.0704292 0)
(0.0953665 0.0829595 0)
(0.099435 -0.007308 0)
(0.0994359 -0.00713942 0)
(0.099437 -0.00694379 0)
(0.0994382 -0.00671678 0)
(0.0994396 -0.00645334 0)
(0.0994413 -0.00614765 0)
(0.0994432 -0.00579291 0)
(0.0994454 -0.00538126 0)
(0.099448 -0.00490356 0)
(0.099451 -0.00434923 0)
(0.0994544 -0.00370597 0)
(0.0994585 -0.00295951 0)
(0.0994631 -0.00209329 0)
(0.0994686 -0.0010881 0)
(0.0994748 7.83492e-05 0)
(0.0994821 0.00143193 0)
(0.0994906 0.00300268 0)
(0.0995004 0.00482542 0)
(0.0995118 0.00694058 0)
(0.0995251 0.00939508 0)
(0.0995404 0.0122434 0)
(0.0995582 0.0155486 0)
(0.0995789 0.0193841 0)
(0.0996029 0.0238349 0)
(0.0996307 0.0289998 0)
(0.0996631 0.0349933 0)
(0.0997005 0.0419483 0)
(0.0997441 0.0500192 0)
(0.0997945 0.0593848 0)
(0.0998531 0.0702531 0)
(0.0999211 0.0828649 0)
(0.104092 -0.0075168 0)
(0.104093 -0.00734788 0)
(0.104093 -0.00715186 0)
(0.104094 -0.00692439 0)
(0.104095 -0.00666043 0)
(0.104097 -0.00635413 0)
(0.104098 -0.00599868 0)
(0.1041 -0.00558621 0)
(0.104102 -0.00510756 0)
(0.104105 -0.00455213 0)
(0.104107 -0.00390758 0)
(0.104111 -0.00315964 0)
(0.104114 -0.00229169 0)
(0.104119 -0.0012845 0)
(0.104124 -0.000115729 0)
(0.10413 0.00124055 0)
(0.104136 0.00281442 0)
(0.104144 0.0046408 0)
(0.104153 0.00676017 0)
(0.104164 0.00921956 0)
(0.104176 0.0120735 0)
(0.104191 0.0153853 0)
(0.104207 0.0192285 0)
(0.104227 0.0236882 0)
(0.104249 0.0288633 0)
(0.104275 0.0348688 0)
(0.104305 0.0418377 0)
(0.10434 0.0499246 0)
(0.10438 0.0593089 0)
(0.104428 0.0701988 0)
(0.104482 0.0828357 0)
(0.108752 -0.00738203 0)
(0.108752 -0.00721333 0)
(0.108753 -0.00701756 0)
(0.108754 -0.00679038 0)
(0.108754 -0.00652676 0)
(0.108755 -0.00622085 0)
(0.108757 -0.00586586 0)
(0.108758 -0.00545392 0)
(0.108759 -0.00497589 0)
(0.108761 -0.00442116 0)
(0.108763 -0.00377745 0)
(0.108766 -0.00303046 0)
(0.108769 -0.00216363 0)
(0.108772 -0.00115773 0)
(0.108776 9.54212e-06 0)
(0.10878 0.00136408 0)
(0.108785 0.00293594 0)
(0.108791 0.00475996 0)
(0.108798 0.00687662 0)
(0.108806 0.00933285 0)
(0.108815 0.0121831 0)
(0.108826 0.0154907 0)
(0.108838 0.0193289 0)
(0.108852 0.0237829 0)
(0.108869 0.0289514 0)
(0.108889 0.0349492 0)
(0.108911 0.0419091 0)
(0.108937 0.0499857 0)
(0.108968 0.0593579 0)
(0.109003 0.0702338 0)
(0.109044 0.0828545 0)
(0.113395 -0.00696137 0)
(0.113395 -0.00679334 0)
(0.113396 -0.00659836 0)
(0.113396 -0.0063721 0)
(0.113397 -0.00610954 0)
(0.113397 -0.00580485 0)
(0.113398 -0.00545128 0)
(0.113399 -0.00504099 0)
(0.1134 -0.00456488 0)
(0.113402 -0.00401238 0)
(0.113403 -0.00337125 0)
(0.113405 -0.00262725 0)
(0.113407 -0.0017639 0)
(0.113409 -0.000762038 0)
(0.113412 0.000400554 0)
(0.113415 0.00174966 0)
(0.113419 0.00331521 0)
(0.113423 0.00513192 0)
(0.113428 0.00724009 0)
(0.113433 0.00968647 0)
(0.11344 0.0125253 0)
(0.113447 0.0158196 0)
(0.113456 0.0196424 0)
(0.113467 0.0240786 0)
(0.113478 0.0292264 0)
(0.113492 0.0352 0)
(0.113508 0.0421321 0)
(0.113527 0.0501762 0)
(0.113549 0.0595109 0)
(0.113574 0.0703432 0)
(0.113603 0.0829133 0)
(0.118012 -0.00631312 0)
(0.118012 -0.00614614 0)
(0.118012 -0.00595236 0)
(0.118013 -0.00572751 0)
(0.118013 -0.00546657 0)
(0.118014 -0.00516378 0)
(0.118014 -0.0048124 0)
(0.118015 -0.00440466 0)
(0.118016 -0.0039315 0)
(0.118017 -0.00338243 0)
(0.118018 -0.00274528 0)
(0.118019 -0.0020059 0)
(0.11802 -0.0011479 0)
(0.118022 -0.000152258 0)
(0.118024 0.00100312 0)
(0.118026 0.00234386 0)
(0.118029 0.00389969 0)
(0.118031 0.00570513 0)
(0.118035 0.00780021 0)
(0.118039 0.0102314 0)
(0.118043 0.0130527 0)
(0.118049 0.0163265 0)
(0.118055 0.0201256 0)
(0.118062 0.0245342 0)
(0.118071 0.02965 0)
(0.11808 0.0355866 0)
(0.118092 0.0424757 0)
(0.118105 0.0504699 0)
(0.11812 0.0597467 0)
(0.118138 0.0705117 0)
(0.118158 0.0830038 0)
(0.122602 -0.00549399 0)
(0.122602 -0.00532832 0)
(0.122602 -0.00513608 0)
(0.122602 -0.004913 0)
(0.122603 -0.00465412 0)
(0.122603 -0.00435372 0)
(0.122604 -0.00400512 0)
(0.122604 -0.00360059 0)
(0.122605 -0.00313116 0)
(0.122605 -0.00258643 0)
(0.122606 -0.0019543 0)
(0.122607 -0.00122076 0)
(0.122608 -0.000369529 0)
(0.122609 0.000618259 0)
(0.122611 0.00176452 0)
(0.122612 0.00309468 0)
(0.122614 0.00463823 0)
(0.122616 0.00642943 0)
(0.122619 0.00850798 0)
(0.122622 0.01092 0)
(0.122625 0.013719 0)
(0.122629 0.016967 0)
(0.122634 0.0207361 0)
(0.122639 0.0251099 0)
(0.122645 0.0301854 0)
(0.122652 0.0360752 0)
(0.122661 0.0429098 0)
(0.12267 0.050841 0)
(0.122682 0.0600445 0)
(0.122695 0.0707246 0)
(0.12271 0.0831182 0)
(0.127169 -0.00455774 0)
(0.127169 -0.00439358 0)
(0.12717 -0.00420309 0)
(0.12717 -0.00398203 0)
(0.12717 -0.00372551 0)
(0.12717 -0.00342783 0)
(0.127171 -0.0030824 0)
(0.127171 -0.00268155 0)
(0.127172 -0.00221639 0)
(0.127172 -0.00167661 0)
(0.127173 -0.00105023 0)
(0.127174 -0.000323352 0)
(0.127174 0.000520136 0)
(0.127175 0.00149895 0)
(0.127177 0.00263479 0)
(0.127178 0.00395285 0)
(0.127179 0.00548238 0)
(0.127181 0.00725729 0)
(0.127183 0.00931695 0)
(0.127186 0.011707 0)
(0.127189 0.0144806 0)
(0.127192 0.0176991 0)
(0.127196 0.0214339 0)
(0.1272 0.025768 0)
(0.127205 0.0307973 0)
(0.127211 0.0366335 0)
(0.127218 0.0434061 0)
(0.127226 0.0512651 0)
(0.127235 0.060385 0)
(0.127246 0.070968 0)
(0.127258 0.0832489 0)
(0.131723 -0.00355529 0)
(0.131723 -0.00339274 0)
(0.131723 -0.00320412 0)
(0.131723 -0.00298523 0)
(0.131724 -0.00273123 0)
(0.131724 -0.00243648 0)
(0.131724 -0.00209444 0)
(0.131725 -0.00169753 0)
(0.131725 -0.00123694 0)
(0.131725 -0.000702457 0)
(0.131726 -8.2227e-05 0)
(0.131727 0.000637508 0)
(0.131728 0.00147271 0)
(0.131728 0.00244191 0)
(0.131729 0.00356659 0)
(0.131731 0.00487171 0)
(0.131732 0.00638621 0)
(0.131734 0.00814369 0)
(0.131736 0.0101831 0)
(0.131738 0.0125497 0)
(0.131741 0.015296 0)
(0.131744 0.0184829 0)
(0.131747 0.0221811 0)
(0.131751 0.0264725 0)
(0.131756 0.0314525 0)
(0.131761 0.0372314 0)
(0.131768 0.0439374 0)
(0.131775 0.0517193 0)
(0.131783 0.0607496 0)
(0.131793 0.0712286 0)
(0.131805 0.0833889 0)
(0.136272 -0.00253568 0)
(0.136273 -0.00237477 0)
(0.136273 -0.00218805 0)
(0.136273 -0.00197137 0)
(0.136273 -0.00171993 0)
(0.136274 -0.00142815 0)
(0.136274 -0.00108957 0)
(0.136274 -0.000696659 0)
(0.136275 -0.000240717 0)
(0.136275 0.000288373 0)
(0.136276 0.000902345 0)
(0.136276 0.00161482 0)
(0.136277 0.00244159 0)
(0.136278 0.00340101 0)
(0.136279 0.00451435 0)
(0.13628 0.0058063 0)
(0.136281 0.00730552 0)
(0.136283 0.00904526 0)
(0.136285 0.0110641 0)
(0.136287 0.0134069 0)
(0.136289 0.0161254 0)
(0.136292 0.0192802 0)
(0.136296 0.022941 0)
(0.1363 0.0271892 0)
(0.136304 0.0321189 0)
(0.136309 0.0378395 0)
(0.136315 0.0444778 0)
(0.136322 0.0521812 0)
(0.13633 0.0611204 0)
(0.13634 0.0714937 0)
(0.136351 0.0835313 0)
(0.140829 -0.00154742 0)
(0.140829 -0.0013881 0)
(0.140829 -0.00120323 0)
(0.14083 -0.000988691 0)
(0.14083 -0.000739736 0)
(0.14083 -0.000450841 0)
(0.14083 -0.000115599 0)
(0.140831 0.000273428 0)
(0.140831 0.000724866 0)
(0.140831 0.00124873 0)
(0.140832 0.00185664 0)
(0.140832 0.00256207 0)
(0.140833 0.00338068 0)
(0.140834 0.00433062 0)
(0.140835 0.00543295 0)
(0.140836 0.00671214 0)
(0.140837 0.00819655 0)
(0.140838 0.00991911 0)
(0.14084 0.011918 0)
(0.140842 0.0142376 0)
(0.140844 0.0169293 0)
(0.140847 0.0200529 0)
(0.140849 0.0236776 0)
(0.140853 0.0278838 0)
(0.140857 0.0327648 0)
(0.140861 0.0384289 0)
(0.140867 0.0450016 0)
(0.140873 0.0526289 0)
(0.14088 0.0614798 0)
(0.140888 0.0717506 0)
(0.140898 0.0836693 0)
(0.145402 -0.000639984 0)
(0.145403 -0.000482127 0)
(0.145403 -0.000298944 0)
(0.145403 -8.63734e-05 0)
(0.145403 0.0001603 0)
(0.145403 0.000446548 0)
(0.145403 0.00077872 0)
(0.145403 0.00116418 0)
(0.145404 0.00161148 0)
(0.145404 0.00213055 0)
(0.145404 0.00273289 0)
(0.145405 0.00343186 0)
(0.145405 0.00424296 0)
(0.145406 0.0051842 0)
(0.145406 0.00627644 0)
(0.145407 0.00754391 0)
(0.145408 0.00901472 0)
(0.145408 0.0107215 0)
(0.14541 0.0127021 0)
(0.145411 0.0150004 0)
(0.145412 0.0176675 0)
(0.145414 0.0207625 0)
(0.145416 0.0243539 0)
(0.145418 0.0285216 0)
(0.14542 0.0333579 0)
(0.145423 0.0389701 0)
(0.145427 0.0454826 0)
(0.145431 0.05304 0)
(0.145436 0.0618098 0)
(0.145441 0.0719865 0)
(0.145447 0.083796 0)
(0.00459755 0.000909903 0.29)
(0.00459746 0.00106527 0.29)
(0.00459737 0.00124556 0.29)
(0.00459725 0.00145477 0.29)
(0.00459712 0.00169755 0.29)
(0.00459697 0.00197928 0.29)
(0.00459679 0.0023062 0.29)
(0.00459659 0.00268558 0.29)
(0.00459635 0.00312581 0.29)
(0.00459608 0.00363668 0.29)
(0.00459576 0.00422951 0.29)
(0.00459539 0.00491744 0.29)
(0.00459496 0.00571574 0.29)
(0.00459446 0.00664211 0.29)
(0.00459388 0.0077171 0.29)
(0.0045932 0.00896455 0.29)
(0.00459242 0.0104121 0.29)
(0.00459152 0.012092 0.29)
(0.00459047 0.0140413 0.29)
(0.00458925 0.0163033 0.29)
(0.00458783 0.0189283 0.29)
(0.00458619 0.0219743 0.29)
(0.00458428 0.0255091 0.29)
(0.00458207 0.0296109 0.29)
(0.0045795 0.0343709 0.29)
(0.00457652 0.0398944 0.29)
(0.00457307 0.0463041 0.29)
(0.00456905 0.0537421 0.29)
(0.0045644 0.0623734 0.29)
(0.004559 0.0723895 0.29)
(0.00455273 0.0840124 0.29)
(0.00917089 0.00181734 0.29)
(0.00917076 0.00197124 0.29)
(0.00917061 0.00214984 0.29)
(0.00917044 0.00235709 0.29)
(0.00917024 0.00259759 0.29)
(0.00917001 0.00287667 0.29)
(0.00916974 0.00320052 0.29)
(0.00916942 0.00357633 0.29)
(0.00916906 0.00401243 0.29)
(0.00916863 0.0045185 0.29)
(0.00916814 0.00510576 0.29)
(0.00916757 0.00578723 0.29)
(0.00916691 0.00657802 0.29)
(0.00916614 0.00749569 0.29)
(0.00916525 0.00856058 0.29)
(0.00916422 0.00979631 0.29)
(0.00916302 0.0112303 0.29)
(0.00916163 0.0128943 0.29)
(0.00916002 0.0148253 0.29)
(0.00915814 0.0170661 0.29)
(0.00915597 0.0196664 0.29)
(0.00915345 0.0226839 0.29)
(0.00915052 0.0261854 0.29)
(0.00914713 0.0302487 0.29)
(0.00914318 0.0349639 0.29)
(0.00913861 0.0404356 0.29)
(0.0091333 0.0467851 0.29)
(0.00912714 0.0541532 0.29)
(0.00912 0.0627034 0.29)
(0.0091117 0.0726254 0.29)
(0.00910208 0.0841391 0.29)
(0.0137275 0.00280559 0.29)
(0.0137274 0.00295791 0.29)
(0.0137272 0.00313466 0.29)
(0.013727 0.00333977 0.29)
(0.0137268 0.00357778 0.29)
(0.0137265 0.00385398 0.29)
(0.0137262 0.00417449 0.29)
(0.0137258 0.00454642 0.29)
(0.0137254 0.00497802 0.29)
(0.0137249 0.00547886 0.29)
(0.0137244 0.00606005 0.29)
(0.0137237 0.00673448 0.29)
(0.013723 0.00751711 0.29)
(0.0137221 0.0084253 0.29)
(0.0137211 0.00947919 0.29)
(0.0137199 0.0107022 0.29)
(0.0137185 0.0121213 0.29)
(0.013717 0.0137682 0.29)
(0.0137151 0.0156792 0.29)
(0.013713 0.0178969 0.29)
(0.0137105 0.0204703 0.29)
(0.0137076 0.0234566 0.29)
(0.0137043 0.026922 0.29)
(0.0137004 0.0309433 0.29)
(0.0136959 0.0356098 0.29)
(0.0136907 0.041025 0.29)
(0.0136847 0.0473089 0.29)
(0.0136777 0.0546009 0.29)
(0.0136695 0.0630628 0.29)
(0.0136601 0.0728823 0.29)
(0.0136491 0.0842771 0.29)
(0.0182772 0.00382521 0.29)
(0.0182771 0.00397588 0.29)
(0.0182769 0.00415073 0.29)
(0.0182767 0.00435363 0.29)
(0.0182765 0.00458908 0.29)
(0.0182762 0.00486231 0.29)
(0.0182759 0.00517936 0.29)
(0.0182755 0.00554729 0.29)
(0.018275 0.00597424 0.29)
(0.0182745 0.00646969 0.29)
(0.018274 0.00704462 0.29)
(0.0182733 0.00771179 0.29)
(0.0182725 0.00848599 0.29)
(0.0182716 0.0093844 0.29)
(0.0182705 0.0104269 0.29)
(0.0182693 0.0116367 0.29)
(0.0182678 0.0130406 0.29)
(0.0182662 0.0146698 0.29)
(0.0182643 0.0165602 0.29)
(0.018262 0.018754 0.29)
(0.0182594 0.0212997 0.29)
(0.0182564 0.0242539 0.29)
(0.0182529 0.0276819 0.29)
(0.0182489 0.03166 0.29)
(0.0182442 0.0362762 0.29)
(0.0182387 0.0416331 0.29)
(0.0182324 0.0478493 0.29)
(0.018225 0.0550628 0.29)
(0.0182165 0.0634336 0.29)
(0.0182066 0.0731474 0.29)
(0.0181951 0.0844195 0.29)
(0.0228308 0.00482766 0.29)
(0.0228306 0.00497672 0.29)
(0.0228304 0.0051497 0.29)
(0.0228302 0.00535043 0.29)
(0.0228299 0.00558336 0.29)
(0.0228296 0.00585366 0.29)
(0.0228293 0.00616732 0.29)
(0.0228289 0.00653131 0.29)
(0.0228284 0.00695369 0.29)
(0.0228278 0.00744384 0.29)
(0.0228272 0.00801262 0.29)
(0.0228265 0.00867265 0.29)
(0.0228256 0.00943857 0.29)
(0.0228246 0.0103274 0.29)
(0.0228235 0.0113588 0.29)
(0.0228221 0.0125556 0.29)
(0.0228206 0.0139445 0.29)
(0.0228188 0.0155562 0.29)
(0.0228167 0.0174264 0.29)
(0.0228143 0.0195967 0.29)
(0.0228114 0.0221152 0.29)
(0.0228082 0.0250377 0.29)
(0.0228044 0.0284291 0.29)
(0.0228 0.0323646 0.29)
(0.0227949 0.0369314 0.29)
(0.022789 0.0422309 0.29)
(0.0227821 0.0483806 0.29)
(0.0227742 0.055517 0.29)
(0.0227649 0.0637982 0.29)
(0.0227542 0.073408 0.29)
(0.0227417 0.0845595 0.29)
(0.0273983 0.00576391 0.29)
(0.0273981 0.00591146 0.29)
(0.0273979 0.00608269 0.29)
(0.0273976 0.00628139 0.29)
(0.0273973 0.00651197 0.29)
(0.0273969 0.00677954 0.29)
(0.0273965 0.00709004 0.29)
(0.027396 0.00745035 0.29)
(0.0273954 0.00786846 0.29)
(0.0273948 0.00835366 0.29)
(0.027394 0.00891669 0.29)
(0.0273931 0.00957005 0.29)
(0.0273921 0.0103282 0.29)
(0.0273909 0.011208 0.29)
(0.0273895 0.012229 0.29)
(0.0273878 0.0134138 0.29)
(0.027386 0.0147886 0.29)
(0.0273838 0.016384 0.29)
(0.0273812 0.0182354 0.29)
(0.0273783 0.0203837 0.29)
(0.0273749 0.0228768 0.29)
(0.0273709 0.0257698 0.29)
(0.0273663 0.0291269 0.29)
(0.027361 0.0330226 0.29)
(0.0273548 0.0375433 0.29)
(0.0273476 0.0427893 0.29)
(0.0273393 0.0488769 0.29)
(0.0273296 0.0559411 0.29)
(0.0273184 0.0641387 0.29)
(0.0273054 0.0736514 0.29)
(0.0272903 0.0846902 0.29)
(0.0319882 0.00658304 0.29)
(0.031988 0.00672928 0.29)
(0.0319876 0.00689898 0.29)
(0.0319873 0.0070959 0.29)
(0.0319868 0.00732442 0.29)
(0.0319863 0.0075896 0.29)
(0.0319858 0.00789733 0.29)
(0.0319851 0.00825442 0.29)
(0.0319843 0.0086688 0.29)
(0.0319834 0.00914966 0.29)
(0.0319824 0.00970767 0.29)
(0.0319812 0.0103552 0.29)
(0.0319798 0.0111066 0.29)
(0.0319781 0.0119786 0.29)
(0.0319762 0.0129904 0.29)
(0.031974 0.0141646 0.29)
(0.0319715 0.0155272 0.29)
(0.0319685 0.0171083 0.29)
(0.0319651 0.0189431 0.29)
(0.0319611 0.0210723 0.29)
(0.0319565 0.0235431 0.29)
(0.0319511 0.0264103 0.29)
(0.0319449 0.0297374 0.29)
(0.0319377 0.0335983 0.29)
(0.0319293 0.0380787 0.29)
(0.0319196 0.0432778 0.29)
(0.0319083 0.049311 0.29)
(0.0318952 0.0563122 0.29)
(0.03188 0.0644366 0.29)
(0.0318624 0.0738643 0.29)
(0.0318419 0.0848046 0.29)
(0.0366052 0.00723129 0.29)
(0.0366049 0.00737648 0.29)
(0.0366044 0.00754498 0.29)
(0.0366039 0.0077405 0.29)
(0.0366033 0.00796739 0.29)
(0.0366026 0.00823068 0.29)
(0.0366017 0.00853621 0.29)
(0.0366008 0.00889075 0.29)
(0.0365997 0.00930218 0.29)
(0.0365984 0.00977961 0.29)
(0.0365969 0.0103336 0.29)
(0.0365952 0.0109765 0.29)
(0.0365932 0.0117226 0.29)
(0.0365909 0.0125883 0.29)
(0.0365882 0.013593 0.29)
(0.0365851 0.0147588 0.29)
(0.0365815 0.0161116 0.29)
(0.0365773 0.0176815 0.29)
(0.0365724 0.0195033 0.29)
(0.0365667 0.0216173 0.29)
(0.0365602 0.0240704 0.29)
(0.0365526 0.0269172 0.29)
(0.0365437 0.0302206 0.29)
(0.0365334 0.034054 0.29)
(0.0365215 0.0385024 0.29)
(0.0365077 0.0436644 0.29)
(0.0364917 0.0496546 0.29)
(0.0364731 0.0566059 0.29)
(0.0364515 0.0646723 0.29)
(0.0364264 0.0740328 0.29)
(0.0363974 0.0848951 0.29)
(0.0412483 0.00765195 0.29)
(0.0412478 0.00779647 0.29)
(0.0412471 0.00796417 0.29)
(0.0412464 0.00815878 0.29)
(0.0412456 0.00838461 0.29)
(0.0412446 0.00864668 0.29)
(0.0412434 0.00895078 0.29)
(0.0412421 0.00930368 0.29)
(0.0412405 0.00971319 0.29)
(0.0412387 0.0101884 0.29)
(0.0412367 0.0107398 0.29)
(0.0412343 0.0113798 0.29)
(0.0412314 0.0121223 0.29)
(0.0412282 0.012984 0.29)
(0.0412244 0.013984 0.29)
(0.04122 0.0151444 0.29)
(0.041215 0.0164909 0.29)
(0.0412091 0.0180535 0.29)
(0.0412022 0.0198667 0.29)
(0.0411943 0.0219709 0.29)
(0.041185 0.0244126 0.29)
(0.0411743 0.0272461 0.29)
(0.0411619 0.0305341 0.29)
(0.0411475 0.0343496 0.29)
(0.0411308 0.0387773 0.29)
(0.0411114 0.0439153 0.29)
(0.0410889 0.0498776 0.29)
(0.0410628 0.0567964 0.29)
(0.0410325 0.0648253 0.29)
(0.0409973 0.0741422 0.29)
(0.0409565 0.0849538 0.29)
(0.0459082 0.00778671 0.29)
(0.0459075 0.00793102 0.29)
(0.0459066 0.00809847 0.29)
(0.0459057 0.00829279 0.29)
(0.0459045 0.00851828 0.29)
(0.0459032 0.00877995 0.29)
(0.0459017 0.0090836 0.29)
(0.0458999 0.00943597 0.29)
(0.0458978 0.00984486 0.29)
(0.0458954 0.0103194 0.29)
(0.0458926 0.01087 0.29)
(0.0458894 0.0115089 0.29)
(0.0458856 0.0122504 0.29)
(0.0458813 0.0131108 0.29)
(0.0458762 0.0141093 0.29)
(0.0458704 0.0152679 0.29)
(0.0458636 0.0166124 0.29)
(0.0458557 0.0181726 0.29)
(0.0458465 0.0199832 0.29)
(0.0458359 0.0220842 0.29)
(0.0458236 0.0245222 0.29)
(0.0458093 0.0273514 0.29)
(0.0457927 0.0306345 0.29)
(0.0457734 0.0344444 0.29)
(0.0457511 0.0388654 0.29)
(0.0457251 0.0439957 0.29)
(0.045695 0.049949 0.29)
(0.0456601 0.0568575 0.29)
(0.0456195 0.0648743 0.29)
(0.0455725 0.0741772 0.29)
(0.0455179 0.0849727 0.29)
(0.050565 0.00757792 0.29)
(0.0505641 0.00772256 0.29)
(0.050563 0.0078904 0.29)
(0.0505618 0.00808518 0.29)
(0.0505604 0.00831119 0.29)
(0.0505587 0.00857347 0.29)
(0.0505568 0.00887783 0.29)
(0.0505546 0.00923101 0.29)
(0.050552 0.00964086 0.29)
(0.050549 0.0101165 0.29)
(0.0505456 0.0106684 0.29)
(0.0505415 0.0113088 0.29)
(0.0505369 0.012052 0.29)
(0.0505314 0.0129144 0.29)
(0.0505252 0.0139152 0.29)
(0.0505179 0.0150765 0.29)
(0.0505094 0.0164242 0.29)
(0.0504996 0.017988 0.29)
(0.0504882 0.0198028 0.29)
(0.0504749 0.0219087 0.29)
(0.0504596 0.0243524 0.29)
(0.0504418 0.0271882 0.29)
(0.0504211 0.0304789 0.29)
(0.0503971 0.0342976 0.29)
(0.0503693 0.0387289 0.29)
(0.0503369 0.0438712 0.29)
(0.0502995 0.0498384 0.29)
(0.0502559 0.0567629 0.29)
(0.0502055 0.0647984 0.29)
(0.0501469 0.074123 0.29)
(0.0500789 0.0849435 0.29)
(0.0551759 0.00690051 0.29)
(0.0551749 0.00704624 0.29)
(0.0551737 0.00721535 0.29)
(0.0551723 0.00741159 0.29)
(0.0551707 0.00763931 0.29)
(0.0551689 0.00790356 0.29)
(0.0551668 0.00821021 0.29)
(0.0551643 0.00856606 0.29)
(0.0551614 0.00897899 0.29)
(0.0551581 0.00945817 0.29)
(0.0551542 0.0100142 0.29)
(0.0551497 0.0106595 0.29)
(0.0551445 0.0114083 0.29)
(0.0551385 0.0122772 0.29)
(0.0551315 0.0132855 0.29)
(0.0551233 0.0144556 0.29)
(0.0551139 0.0158134 0.29)
(0.0551029 0.017389 0.29)
(0.0550902 0.0192175 0.29)
(0.0550754 0.0213392 0.29)
(0.0550583 0.0238014 0.29)
(0.0550384 0.0266585 0.29)
(0.0550153 0.029974 0.29)
(0.0549886 0.0338215 0.29)
(0.0549575 0.0382862 0.29)
(0.0549214 0.0434672 0.29)
(0.0548796 0.0494793 0.29)
(0.0548311 0.056456 0.29)
(0.0547747 0.064552 0.29)
(0.0547093 0.0739468 0.29)
(0.0546335 0.0848489 0.29)
(0.0597035 0.00579243 0.29)
(0.0597025 0.00593994 0.29)
(0.0597014 0.00611112 0.29)
(0.0597001 0.00630976 0.29)
(0.0596985 0.00654026 0.29)
(0.0596967 0.00680775 0.29)
(0.0596947 0.00711815 0.29)
(0.0596923 0.00747835 0.29)
(0.0596895 0.00789633 0.29)
(0.0596862 0.00838138 0.29)
(0.0596825 0.00894423 0.29)
(0.0596781 0.00959739 0.29)
(0.059673 0.0103553 0.29)
(0.0596672 0.0112349 0.29)
(0.0596603 0.0122555 0.29)
(0.0596524 0.0134399 0.29)
(0.0596433 0.0148143 0.29)
(0.0596326 0.0164092 0.29)
(0.0596202 0.01826 0.29)
(0.0596059 0.0204077 0.29)
(0.0595892 0.0229 0.29)
(0.0595699 0.0257921 0.29)
(0.0595475 0.0291482 0.29)
(0.0595215 0.0330427 0.29)
(0.0594913 0.037562 0.29)
(0.0594563 0.0428063 0.29)
(0.0594156 0.048892 0.29)
(0.0593684 0.055954 0.29)
(0.0593137 0.064149 0.29)
(0.0592502 0.0736588 0.29)
(0.0591765 0.0846942 0.29)
(0.064145 0.00437628 0.29)
(0.0641442 0.00452607 0.29)
(0.0641433 0.00469989 0.29)
(0.0641422 0.0049016 0.29)
(0.0641409 0.00513566 0.29)
(0.0641394 0.00540728 0.29)
(0.0641377 0.00572247 0.29)
(0.0641357 0.00608823 0.29)
(0.0641334 0.00651267 0.29)
(0.0641307 0.0070052 0.29)
(0.0641275 0.00757675 0.29)
(0.0641239 0.00824 0.29)
(0.0641197 0.00900965 0.29)
(0.0641148 0.00990277 0.29)
(0.0641092 0.0109392 0.29)
(0.0641026 0.0121419 0.29)
(0.064095 0.0135375 0.29)
(0.0640861 0.015157 0.29)
(0.0640759 0.0170364 0.29)
(0.064064 0.0192173 0.29)
(0.0640501 0.021748 0.29)
(0.0640341 0.0246848 0.29)
(0.0640155 0.0280927 0.29)
(0.0639939 0.0320473 0.29)
(0.0639688 0.0366364 0.29)
(0.0639397 0.0419617 0.29)
(0.063906 0.0481414 0.29)
(0.0638668 0.0553125 0.29)
(0.0638213 0.063634 0.29)
(0.0637686 0.0732906 0.29)
(0.0637074 0.0844964 0.29)
(0.0685167 0.00275647 0.29)
(0.0685161 0.00290886 0.29)
(0.0685155 0.00308571 0.29)
(0.0685148 0.00329092 0.29)
(0.0685139 0.00352906 0.29)
(0.068513 0.0038054 0.29)
(0.0685118 0.00412607 0.29)
(0.0685105 0.0044982 0.29)
(0.068509 0.00493002 0.29)
(0.0685072 0.00543112 0.29)
(0.0685052 0.00601261 0.29)
(0.0685028 0.00668739 0.29)
(0.0685 0.00747043 0.29)
(0.0684968 0.00837909 0.29)
(0.0684931 0.00943353 0.29)
(0.0684887 0.0106571 0.29)
(0.0684837 0.012077 0.29)
(0.0684779 0.0137247 0.29)
(0.0684711 0.0156368 0.29)
(0.0684633 0.0178556 0.29)
(0.0684542 0.0204304 0.29)
(0.0684436 0.0234182 0.29)
(0.0684314 0.0268854 0.29)
(0.0684172 0.0309088 0.29)
(0.0684007 0.0355777 0.29)
(0.0683815 0.0409957 0.29)
(0.0683593 0.0472828 0.29)
(0.0683335 0.0545787 0.29)
(0.0683036 0.063045 0.29)
(0.0682689 0.0728695 0.29)
(0.0682286 0.0842702 0.29)
(0.0728439 0.00102124 0.29)
(0.0728437 0.00117643 0.29)
(0.0728435 0.00135651 0.29)
(0.0728433 0.00156548 0.29)
(0.072843 0.00180798 0.29)
(0.0728426 0.00208938 0.29)
(0.0728422 0.00241593 0.29)
(0.0728418 0.00279487 0.29)
(0.0728413 0.0032346 0.29)
(0.0728406 0.00374488 0.29)
(0.0728399 0.00433702 0.29)
(0.0728391 0.00502416 0.29)
(0.0728381 0.00582154 0.29)
(0.072837 0.00674684 0.29)
(0.0728357 0.00782059 0.29)
(0.0728342 0.0090666 0.29)
(0.0728325 0.0105125 0.29)
(0.0728304 0.0121904 0.29)
(0.0728281 0.0141375 0.29)
(0.0728253 0.0163969 0.29)
(0.0728222 0.0190188 0.29)
(0.0728185 0.0220614 0.29)
(0.0728142 0.0255921 0.29)
(0.0728093 0.0296892 0.29)
(0.0728035 0.0344436 0.29)
(0.0727968 0.0399608 0.29)
(0.0727891 0.0463631 0.29)
(0.0727801 0.0537926 0.29)
(0.0727697 0.0624139 0.29)
(0.0727576 0.0724184 0.29)
(0.0727436 0.0840279 0.29)
(0.0771561 -0.000751322 0.29)
(0.0771563 -0.000593286 0.29)
(0.0771565 -0.000409895 0.29)
(0.0771567 -0.000197083 0.29)
(0.077157 4.98702e-05 0.29)
(0.0771574 0.000336443 0.29)
(0.0771578 0.000668991 0.29)
(0.0771582 0.00105489 0.29)
(0.0771588 0.0015027 0.29)
(0.0771594 0.00202235 0.29)
(0.0771601 0.00262537 0.29)
(0.0771609 0.00332514 0.29)
(0.0771619 0.00413717 0.29)
(0.077163 0.00507947 0.29)
(0.0771643 0.00617295 0.29)
(0.0771658 0.00744185 0.29)
(0.0771676 0.00891433 0.29)
(0.0771696 0.010623 0.29)
(0.0771719 0.0126059 0.29)
(0.0771747 0.0149068 0.29)
(0.0771778 0.0175769 0.29)
(0.0771815 0.0206754 0.29)
(0.0771858 0.0242709 0.29)
(0.0771907 0.0284433 0.29)
(0.0771965 0.0332851 0.29)
(0.0772032 0.0389037 0.29)
(0.0772109 0.0454236 0.29)
(0.0772199 0.0529895 0.29)
(0.0772303 0.0617693 0.29)
(0.0772424 0.0719576 0.29)
(0.0772564 0.0837804 0.29)
(0.0814833 -0.00248655 0.29)
(0.0814839 -0.00232572 0.29)
(0.0814845 -0.00213909 0.29)
(0.0814852 -0.00192252 0.29)
(0.0814861 -0.00167121 0.29)
(0.081487 -0.00137957 0.29)
(0.0814882 -0.00104115 0.29)
(0.0814895 -0.000648438 0.29)
(0.081491 -0.000192719 0.29)
(0.0814928 0.000336111 0.29)
(0.0814948 0.000949782 0.29)
(0.0814972 0.0016619 0.29)
(0.0815 0.00248827 0.29)
(0.0815032 0.00344722 0.29)
(0.0815069 0.00456001 0.29)
(0.0815113 0.00585133 0.29)
(0.0815163 0.00734981 0.29)
(0.0815221 0.0090887 0.29)
(0.0815289 0.0111066 0.29)
(0.0815367 0.0134481 0.29)
(0.0815458 0.0161654 0.29)
(0.0815564 0.0193186 0.29)
(0.0815686 0.0229776 0.29)
(0.0815828 0.0272237 0.29)
(0.0815993 0.032151 0.29)
(0.0816185 0.0378688 0.29)
(0.0816407 0.0445039 0.29)
(0.0816665 0.0522034 0.29)
(0.0816964 0.0611383 0.29)
(0.0817311 0.0715065 0.29)
(0.0817714 0.0835381 0.29)
(0.085855 -0.00410636 0.29)
(0.0858558 -0.00394293 0.29)
(0.0858567 -0.00375328 0.29)
(0.0858578 -0.0035332 0.29)
(0.0858591 -0.00327781 0.29)
(0.0858606 -0.00298145 0.29)
(0.0858623 -0.00263755 0.29)
(0.0858643 -0.00223847 0.29)
(0.0858666 -0.00177537 0.29)
(0.0858693 -0.00123798 0.29)
(0.0858725 -0.000614363 0.29)
(0.0858761 0.000109297 0.29)
(0.0858803 0.000949054 0.29)
(0.0858852 0.00192353 0.29)
(0.0858908 0.00305435 0.29)
(0.0858974 0.00436659 0.29)
(0.085905 0.00588935 0.29)
(0.0859139 0.00765641 0.29)
(0.0859241 0.00970696 0.29)
(0.085936 0.0120865 0.29)
(0.0859499 0.0148478 0.29)
(0.0859659 0.018052 0.29)
(0.0859845 0.0217704 0.29)
(0.0860061 0.0260852 0.29)
(0.0860312 0.0310923 0.29)
(0.0860603 0.0369027 0.29)
(0.086094 0.0436453 0.29)
(0.0861332 0.0514696 0.29)
(0.0861787 0.0605492 0.29)
(0.0862314 0.0710854 0.29)
(0.0862926 0.0833119 0.29)
(0.0902965 -0.00552252 0.29)
(0.0902975 -0.0053568 0.29)
(0.0902986 -0.00516451 0.29)
(0.0902999 -0.00494136 0.29)
(0.0903015 -0.00468242 0.29)
(0.0903033 -0.00438193 0.29)
(0.0903053 -0.00403323 0.29)
(0.0903077 -0.00362859 0.29)
(0.0903105 -0.00315903 0.29)
(0.0903138 -0.00261415 0.29)
(0.0903175 -0.00198184 0.29)
(0.0903219 -0.0012481 0.29)
(0.090327 -0.000396636 0.29)
(0.0903328 0.000591426 0.29)
(0.0903397 0.00173801 0.29)
(0.0903476 0.00306853 0.29)
(0.0903567 0.00461251 0.29)
(0.0903674 0.0064042 0.29)
(0.0903798 0.00848333 0.29)
(0.0903941 0.010896 0.29)
(0.0904108 0.0136958 0.29)
(0.0904301 0.0169447 0.29)
(0.0904525 0.0207149 0.29)
(0.0904785 0.0250899 0.29)
(0.0905087 0.0301668 0.29)
(0.0905437 0.0360582 0.29)
(0.0905844 0.0428947 0.29)
(0.0906316 0.0508281 0.29)
(0.0906863 0.0600342 0.29)
(0.0907498 0.0707172 0.29)
(0.0908235 0.0831142 0.29)
(0.0948241 -0.00663059 0.29)
(0.0948251 -0.0064631 0.29)
(0.0948263 -0.00626874 0.29)
(0.0948277 -0.00604319 0.29)
(0.0948293 -0.00578146 0.29)
(0.0948311 -0.00547774 0.29)
(0.0948332 -0.00512529 0.29)
(0.0948357 -0.0047163 0.29)
(0.0948386 -0.00424169 0.29)
(0.0948419 -0.00369094 0.29)
(0.0948458 -0.00305184 0.29)
(0.0948503 -0.0023102 0.29)
(0.0948555 -0.00144958 0.29)
(0.0948615 -0.000450893 0.29)
(0.0948685 0.000708018 0.29)
(0.0948767 0.00205285 0.29)
(0.0948861 0.00361344 0.29)
(0.0948971 0.0054244 0.29)
(0.0949098 0.0075259 0.29)
(0.0949246 0.00996453 0.29)
(0.0949417 0.0127944 0.29)
(0.0949616 0.0160783 0.29)
(0.0949847 0.019889 0.29)
(0.0950114 0.024311 0.29)
(0.0950425 0.0294426 0.29)
(0.0950786 0.0353973 0.29)
(0.0951204 0.0423074 0.29)
(0.0951689 0.0503261 0.29)
(0.0952253 0.0596312 0.29)
(0.0952907 0.0704292 0.29)
(0.0953665 0.0829595 0.29)
(0.099435 -0.007308 0.29)
(0.0994359 -0.00713942 0.29)
(0.099437 -0.00694379 0.29)
(0.0994382 -0.00671678 0.29)
(0.0994396 -0.00645334 0.29)
(0.0994413 -0.00614765 0.29)
(0.0994432 -0.00579291 0.29)
(0.0994454 -0.00538126 0.29)
(0.099448 -0.00490356 0.29)
(0.099451 -0.00434923 0.29)
(0.0994544 -0.00370597 0.29)
(0.0994585 -0.00295951 0.29)
(0.0994631 -0.00209329 0.29)
(0.0994686 -0.0010881 0.29)
(0.0994748 7.83492e-05 0.29)
(0.0994821 0.00143193 0.29)
(0.0994906 0.00300268 0.29)
(0.0995004 0.00482542 0.29)
(0.0995118 0.00694058 0.29)
(0.0995251 0.00939508 0.29)
(0.0995404 0.0122434 0.29)
(0.0995582 0.0155486 0.29)
(0.0995789 0.0193841 0.29)
(0.0996029 0.0238349 0.29)
(0.0996307 0.0289998 0.29)
(0.0996631 0.0349933 0.29)
(0.0997005 0.0419483 0.29)
(0.0997441 0.0500192 0.29)
(0.0997945 0.0593848 0.29)
(0.0998531 0.0702531 0.29)
(0.0999211 0.0828649 0.29)
(0.104092 -0.0075168 0.29)
(0.104093 -0.00734788 0.29)
(0.104093 -0.00715186 0.29)
(0.104094 -0.00692439 0.29)
(0.104095 -0.00666043 0.29)
(0.104097 -0.00635413 0.29)
(0.104098 -0.00599868 0.29)
(0.1041 -0.00558621 0.29)
(0.104102 -0.00510756 0.29)
(0.104105 -0.00455213 0.29)
(0.104107 -0.00390758 0.29)
(0.104111 -0.00315964 0.29)
(0.104114 -0.00229169 0.29)
(0.104119 -0.0012845 0.29)
(0.104124 -0.000115729 0.29)
(0.10413 0.00124055 0.29)
(0.104136 0.00281442 0.29)
(0.104144 0.0046408 0.29)
(0.104153 0.00676017 0.29)
(0.104164 0.00921956 0.29)
(0.104176 0.0120735 0.29)
(0.104191 0.0153853 0.29)
(0.104207 0.0192285 0.29)
(0.104227 0.0236882 0.29)
(0.104249 0.0288633 0.29)
(0.104275 0.0348688 0.29)
(0.104305 0.0418377 0.29)
(0.10434 0.0499246 0.29)
(0.10438 0.0593089 0.29)
(0.104428 0.0701988 0.29)
(0.104482 0.0828357 0.29)
(0.108752 -0.00738203 0.29)
(0.108752 -0.00721333 0.29)
(0.108753 -0.00701756 0.29)
(0.108754 -0.00679038 0.29)
(0.108754 -0.00652676 0.29)
(0.108755 -0.00622085 0.29)
(0.108757 -0.00586586 0.29)
(0.108758 -0.00545392 0.29)
(0.108759 -0.00497589 0.29)
(0.108761 -0.00442116 0.29)
(0.108763 -0.00377745 0.29)
(0.108766 -0.00303046 0.29)
(0.108769 -0.00216363 0.29)
(0.108772 -0.00115773 0.29)
(0.108776 9.54212e-06 0.29)
(0.10878 0.00136408 0.29)
(0.108785 0.00293594 0.29)
(0.108791 0.00475996 0.29)
(0.108798 0.00687662 0.29)
(0.108806 0.00933285 0.29)
(0.108815 0.0121831 0.29)
(0.108826 0.0154907 0.29)
(0.108838 0.0193289 0.29)
(0.108852 0.0237829 0.29)
(0.108869 0.0289514 0.29)
(0.108889 0.0349492 0.29)
(0.108911 0.0419091 0.29)
(0.108937 0.0499857 0.29)
(0.108968 0.0593579 0.29)
(0.109003 0.0702338 0.29)
(0.109044 0.0828545 0.29)
(0.113395 -0.00696137 0.29)
(0.113395 -0.00679334 0.29)
(0.113396 -0.00659836 0.29)
(0.113396 -0.0063721 0.29)
(0.113397 -0.00610954 0.29)
(0.113397 -0.00580485 0.29)
(0.113398 -0.00545128 0.29)
(0.113399 -0.00504099 0.29)
(0.1134 -0.00456488 0.29)
(0.113402 -0.00401238 0.29)
(0.113403 -0.00337125 0.29)
(0.113405 -0.00262725 0.29)
(0.113407 -0.0017639 0.29)
(0.113409 -0.000762038 0.29)
(0.113412 0.000400554 0.29)
(0.113415 0.00174966 0.29)
(0.113419 0.00331521 0.29)
(0.113423 0.00513192 0.29)
(0.113428 0.00724009 0.29)
(0.113433 0.00968647 0.29)
(0.11344 0.0125253 0.29)
(0.113447 0.0158196 0.29)
(0.113456 0.0196424 0.29)
(0.113467 0.0240786 0.29)
(0.113478 0.0292264 0.29)
(0.113492 0.0352 0.29)
(0.113508 0.0421321 0.29)
(0.113527 0.0501762 0.29)
(0.113549 0.0595109 0.29)
(0.113574 0.0703432 0.29)
(0.113603 0.0829133 0.29)
(0.118012 -0.00631312 0.29)
(0.118012 -0.00614614 0.29)
(0.118012 -0.00595236 0.29)
(0.118013 -0.00572751 0.29)
(0.118013 -0.00546657 0.29)
(0.118014 -0.00516378 0.29)
(0.118014 -0.0048124 0.29)
(0.118015 -0.00440466 0.29)
(0.118016 -0.0039315 0.29)
(0.118017 -0.00338243 0.29)
(0.118018 -0.00274528 0.29)
(0.118019 -0.0020059 0.29)
(0.11802 -0.0011479 0.29)
(0.118022 -0.000152258 0.29)
(0.118024 0.00100312 0.29)
(0.118026 0.00234386 0.29)
(0.118029 0.00389969 0.29)
(0.118031 0.00570513 0.29)
(0.118035 0.00780021 0.29)
(0.118039 0.0102314 0.29)
(0.118043 0.0130527 0.29)
(0.118049 0.0163265 0.29)
(0.118055 0.0201256 0.29)
(0.118062 0.0245342 0.29)
(0.118071 0.02965 0.29)
(0.11808 0.0355866 0.29)
(0.118092 0.0424757 0.29)
(0.118105 0.0504699 0.29)
(0.11812 0.0597467 0.29)
(0.118138 0.0705117 0.29)
(0.118158 0.0830038 0.29)
(0.122602 -0.00549399 0.29)
(0.122602 -0.00532832 0.29)
(0.122602 -0.00513608 0.29)
(0.122602 -0.004913 0.29)
(0.122603 -0.00465412 0.29)
(0.122603 -0.00435372 0.29)
(0.122604 -0.00400512 0.29)
(0.122604 -0.00360059 0.29)
(0.122605 -0.00313116 0.29)
(0.122605 -0.00258643 0.29)
(0.122606 -0.0019543 0.29)
(0.122607 -0.00122076 0.29)
(0.122608 -0.000369529 0.29)
(0.122609 0.000618259 0.29)
(0.122611 0.00176452 0.29)
(0.122612 0.00309468 0.29)
(0.122614 0.00463823 0.29)
(0.122616 0.00642943 0.29)
(0.122619 0.00850798 0.29)
(0.122622 0.01092 0.29)
(0.122625 0.013719 0.29)
(0.122629 0.016967 0.29)
(0.122634 0.0207361 0.29)
(0.122639 0.0251099 0.29)
(0.122645 0.0301854 0.29)
(0.122652 0.0360752 0.29)
(0.122661 0.0429098 0.29)
(0.12267 0.050841 0.29)
(0.122682 0.0600445 0.29)
(0.122695 0.0707246 0.29)
(0.12271 0.0831182 0.29)
(0.127169 -0.00455774 0.29)
(0.127169 -0.00439358 0.29)
(0.12717 -0.00420309 0.29)
(0.12717 -0.00398203 0.29)
(0.12717 -0.00372551 0.29)
(0.12717 -0.00342783 0.29)
(0.127171 -0.0030824 0.29)
(0.127171 -0.00268155 0.29)
(0.127172 -0.00221639 0.29)
(0.127172 -0.00167661 0.29)
(0.127173 -0.00105023 0.29)
(0.127174 -0.000323352 0.29)
(0.127174 0.000520136 0.29)
(0.127175 0.00149895 0.29)
(0.127177 0.00263479 0.29)
(0.127178 0.00395285 0.29)
(0.127179 0.00548238 0.29)
(0.127181 0.00725729 0.29)
(0.127183 0.00931695 0.29)
(0.127186 0.011707 0.29)
(0.127189 0.0144806 0.29)
(0.127192 0.0176991 0.29)
(0.127196 0.0214339 0.29)
(0.1272 0.025768 0.29)
(0.127205 0.0307973 0.29)
(0.127211 0.0366335 0.29)
(0.127218 0.0434061 0.29)
(0.127226 0.0512651 0.29)
(0.127235 0.060385 0.29)
(0.127246 0.070968 0.29)
(0.127258 0.0832489 0.29)
(0.131723 -0.00355529 0.29)
(0.131723 -0.00339274 0.29)
(0.131723 -0.00320412 0.29)
(0.131723 -0.00298523 0.29)
(0.131724 -0.00273123 0.29)
(0.131724 -0.00243648 0.29)
(0.131724 -0.00209444 0.29)
(0.131725 -0.00169753 0.29)
(0.131725 -0.00123694 0.29)
(0.131725 -0.000702457 0.29)
(0.131726 -8.2227e-05 0.29)
(0.131727 0.000637508 0.29)
(0.131728 0.00147271 0.29)
(0.131728 0.00244191 0.29)
(0.131729 0.00356659 0.29)
(0.131731 0.00487171 0.29)
(0.131732 0.00638621 0.29)
(0.131734 0.00814369 0.29)
(0.131736 0.0101831 0.29)
(0.131738 0.0125497 0.29)
(0.131741 0.015296 0.29)
(0.131744 0.0184829 0.29)
(0.131747 0.0221811 0.29)
(0.131751 0.0264725 0.29)
(0.131756 0.0314525 0.29)
(0.131761 0.0372314 0.29)
(0.131768 0.0439374 0.29)
(0.131775 0.0517193 0.29)
(0.131783 0.0607496 0.29)
(0.131793 0.0712286 0.29)
(0.131805 0.0833889 0.29)
(0.136272 -0.00253568 0.29)
(0.136273 -0.00237477 0.29)
(0.136273 -0.00218805 0.29)
(0.136273 -0.00197137 0.29)
(0.136273 -0.00171993 0.29)
(0.136274 -0.00142815 0.29)
(0.136274 -0.00108957 0.29)
(0.136274 -0.000696659 0.29)
(0.136275 -0.000240717 0.29)
(0.136275 0.000288373 0.29)
(0.136276 0.000902345 0.29)
(0.136276 0.00161482 0.29)
(0.136277 0.00244159 0.29)
(0.136278 0.00340101 0.29)
(0.136279 0.00451435 0.29)
(0.13628 0.0058063 0.29)
(0.136281 0.00730552 0.29)
(0.136283 0.00904526 0.29)
(0.136285 0.0110641 0.29)
(0.136287 0.0134069 0.29)
(0.136289 0.0161254 0.29)
(0.136292 0.0192802 0.29)
(0.136296 0.022941 0.29)
(0.1363 0.0271892 0.29)
(0.136304 0.0321189 0.29)
(0.136309 0.0378395 0.29)
(0.136315 0.0444778 0.29)
(0.136322 0.0521812 0.29)
(0.13633 0.0611204 0.29)
(0.13634 0.0714937 0.29)
(0.136351 0.0835313 0.29)
(0.140829 -0.00154742 0.29)
(0.140829 -0.0013881 0.29)
(0.140829 -0.00120323 0.29)
(0.14083 -0.000988691 0.29)
(0.14083 -0.000739736 0.29)
(0.14083 -0.000450841 0.29)
(0.14083 -0.000115599 0.29)
(0.140831 0.000273428 0.29)
(0.140831 0.000724866 0.29)
(0.140831 0.00124873 0.29)
(0.140832 0.00185664 0.29)
(0.140832 0.00256207 0.29)
(0.140833 0.00338068 0.29)
(0.140834 0.00433062 0.29)
(0.140835 0.00543295 0.29)
(0.140836 0.00671214 0.29)
(0.140837 0.00819655 0.29)
(0.140838 0.00991911 0.29)
(0.14084 0.011918 0.29)
(0.140842 0.0142376 0.29)
(0.140844 0.0169293 0.29)
(0.140847 0.0200529 0.29)
(0.140849 0.0236776 0.29)
(0.140853 0.0278838 0.29)
(0.140857 0.0327648 0.29)
(0.140861 0.0384289 0.29)
(0.140867 0.0450016 0.29)
(0.140873 0.0526289 0.29)
(0.14088 0.0614798 0.29)
(0.140888 0.0717506 0.29)
(0.140898 0.0836693 0.29)
(0.145402 -0.000639984 0.29)
(0.145403 -0.000482127 0.29)
(0.145403 -0.000298944 0.29)
(0.145403 -8.63734e-05 0.29)
(0.145403 0.0001603 0.29)
(0.145403 0.000446548 0.29)
(0.145403 0.00077872 0.29)
(0.145403 0.00116418 0.29)
(0.145404 0.00161148 0.29)
(0.145404 0.00213055 0.29)
(0.145404 0.00273289 0.29)
(0.145405 0.00343186 0.29)
(0.145405 0.00424296 0.29)
(0.145406 0.0051842 0.29)
(0.145406 0.00627644 0.29)
(0.145407 0.00754391 0.29)
(0.145408 0.00901472 0.29)
(0.145408 0.0107215 0.29)
(0.14541 0.0127021 0.29)
(0.145411 0.0150004 0.29)
(0.145412 0.0176675 0.29)
(0.145414 0.0207625 0.29)
(0.145416 0.0243539 0.29)
(0.145418 0.0285216 0.29)
(0.14542 0.0333579 0.29)
(0.145423 0.0389701 0.29)
(0.145427 0.0454826 0.29)
(0.145431 0.05304 0.29)
(0.145436 0.0618098 0.29)
(0.145441 0.0719865 0.29)
(0.145447 0.083796 0.29)
)


// ************************************************************************* //
