/*--------------------------------*- C++ -*----------------------------------*\
  =========                 |
  \\      /  F ield         | OpenFOAM: The Open Source CFD Toolbox
   \\    /   O peration     | Website:  https://openfoam.org
    \\  /    A nd           | Version:  7
     \\/     M anipulation  |
\*---------------------------------------------------------------------------*/
FoamFile
{
    version     2.0;
    format      ascii;
    class       vectorField;
    location    "constant/polyMesh";
    object      points;
}
// * * * * * * * * * * * * * * * * * * * * * * * * * * * * * * * * * * * * * //


2244
(
(0 0 0)
(0.15 0 0)
(0.15 0.0975 0)
(0 0.0975 0)
(0 0 0.29)
(0.15 0 0.29)
(0.15 0.0975 0.29)
(0 0.0975 0.29)
(0.00459762 0.000776018 0)
(0.009171 0.00168471 0)
(0.0137276 0.00267434 0)
(0.0182774 0.00369536 0)
(0.0228309 0.0046992 0)
(0.0273985 0.00563675 0)
(0.0319885 0.00645702 0)
(0.0366056 0.00710617 0)
(0.0412488 0.00752741 0)
(0.0459088 0.00766236 0)
(0.0505658 0.00745328 0)
(0.0551768 0.00677493 0)
(0.0597044 0.00566532 0)
(0.0641457 0.0042472 0)
(0.0685171 0.00262514 0)
(0.0728441 0.00088751 0)
(0.0771559 -0.00088751 0)
(0.0814829 -0.00262514 0)
(0.0858543 -0.0042472 0)
(0.0902956 -0.00566532 0)
(0.0948232 -0.00677493 0)
(0.0994342 -0.00745328 0)
(0.104091 -0.00766236 0)
(0.108751 -0.00752741 0)
(0.113394 -0.00710617 0)
(0.118012 -0.00645702 0)
(0.122602 -0.00563675 0)
(0.127169 -0.0046992 0)
(0.131723 -0.00369536 0)
(0.136272 -0.00267434 0)
(0.140829 -0.00168471 0)
(0.145402 -0.000776018 0)
(0.15 0.00025669 0)
(0.15 0.000546855 0)
(0.15 0.000874862 0)
(0.15 0.00124565 0)
(0.15 0.00166478 0)
(0.15 0.00213859 0)
(0.15 0.00267418 0)
(0.15 0.00327962 0)
(0.15 0.00396401 0)
(0.15 0.00473767 0)
(0.15 0.00561221 0)
(0.15 0.00660081 0)
(0.15 0.00771834 0)
(0.15 0.00898161 0)
(0.15 0.0104096 0)
(0.15 0.0120239 0)
(0.15 0.0138486 0)
(0.15 0.0159114 0)
(0.15 0.0182432 0)
(0.15 0.020879 0)
(0.15 0.0238586 0)
(0.15 0.0272268 0)
(0.15 0.0310342 0)
(0.15 0.0353382 0)
(0.15 0.0402035 0)
(0.15 0.0457033 0)
(0.15 0.0519203 0)
(0.15 0.0589482 0)
(0.15 0.0668925 0)
(0.15 0.0758729 0)
(0.15 0.0860245 0)
(0.145455 0.0975 0)
(0.140909 0.0975 0)
(0.136364 0.0975 0)
(0.131818 0.0975 0)
(0.127273 0.0975 0)
(0.122727 0.0975 0)
(0.118182 0.0975 0)
(0.113636 0.0975 0)
(0.109091 0.0975 0)
(0.104545 0.0975 0)
(0.1 0.0975 0)
(0.0954545 0.0975 0)
(0.0909091 0.0975 0)
(0.0863636 0.0975 0)
(0.0818182 0.0975 0)
(0.0772727 0.0975 0)
(0.0727273 0.0975 0)
(0.0681818 0.0975 0)
(0.0636364 0.0975 0)
(0.0590909 0.0975 0)
(0.0545455 0.0975 0)
(0.05 0.0975 0)
(0.0454545 0.0975 0)
(0.0409091 0.0975 0)
(0.0363636 0.0975 0)
(0.0318182 0.0975 0)
(0.0272727 0.0975 0)
(0.0227273 0.0975 0)
(0.0181818 0.0975 0)
(0.0136364 0.0975 0)
(0.00909091 0.0975 0)
(0.00454545 0.0975 0)
(0 0.0860245 0)
(0 0.0758729 0)
(0 0.0668925 0)
(0 0.0589482 0)
(0 0.0519203 0)
(0 0.0457033 0)
(0 0.0402035 0)
(0 0.0353382 0)
(0 0.0310342 0)
(0 0.0272268 0)
(0 0.0238586 0)
(0 0.020879 0)
(0 0.0182432 0)
(0 0.0159114 0)
(0 0.0138486 0)
(0 0.0120239 0)
(0 0.0104096 0)
(0 0.00898161 0)
(0 0.00771834 0)
(0 0.00660081 0)
(0 0.00561221 0)
(0 0.00473767 0)
(0 0.00396401 0)
(0 0.00327962 0)
(0 0.00267418 0)
(0 0.00213859 0)
(0 0.00166478 0)
(0 0.00124565 0)
(0 0.000874862 0)
(0 0.000546855 0)
(0 0.00025669 0)
(0.00459762 0.000776018 0.29)
(0.009171 0.00168471 0.29)
(0.0137276 0.00267434 0.29)
(0.0182774 0.00369536 0.29)
(0.0228309 0.0046992 0.29)
(0.0273985 0.00563675 0.29)
(0.0319885 0.00645702 0.29)
(0.0366056 0.00710617 0.29)
(0.0412488 0.00752741 0.29)
(0.0459088 0.00766236 0.29)
(0.0505658 0.00745328 0.29)
(0.0551768 0.00677493 0.29)
(0.0597044 0.00566532 0.29)
(0.0641457 0.0042472 0.29)
(0.0685171 0.00262514 0.29)
(0.0728441 0.00088751 0.29)
(0.0771559 -0.00088751 0.29)
(0.0814829 -0.00262514 0.29)
(0.0858543 -0.0042472 0.29)
(0.0902956 -0.00566532 0.29)
(0.0948232 -0.00677493 0.29)
(0.0994342 -0.00745328 0.29)
(0.104091 -0.00766236 0.29)
(0.108751 -0.00752741 0.29)
(0.113394 -0.00710617 0.29)
(0.118012 -0.00645702 0.29)
(0.122602 -0.00563675 0.29)
(0.127169 -0.0046992 0.29)
(0.131723 -0.00369536 0.29)
(0.136272 -0.00267434 0.29)
(0.140829 -0.00168471 0.29)
(0.145402 -0.000776018 0.29)
(0.15 0.00025669 0.29)
(0.15 0.000546855 0.29)
(0.15 0.000874862 0.29)
(0.15 0.00124565 0.29)
(0.15 0.00166478 0.29)
(0.15 0.00213859 0.29)
(0.15 0.00267418 0.29)
(0.15 0.00327962 0.29)
(0.15 0.00396401 0.29)
(0.15 0.00473767 0.29)
(0.15 0.00561221 0.29)
(0.15 0.00660081 0.29)
(0.15 0.00771834 0.29)
(0.15 0.00898161 0.29)
(0.15 0.0104096 0.29)
(0.15 0.0120239 0.29)
(0.15 0.0138486 0.29)
(0.15 0.0159114 0.29)
(0.15 0.0182432 0.29)
(0.15 0.020879 0.29)
(0.15 0.0238586 0.29)
(0.15 0.0272268 0.29)
(0.15 0.0310342 0.29)
(0.15 0.0353382 0.29)
(0.15 0.0402035 0.29)
(0.15 0.0457033 0.29)
(0.15 0.0519203 0.29)
(0.15 0.0589482 0.29)
(0.15 0.0668925 0.29)
(0.15 0.0758729 0.29)
(0.15 0.0860245 0.29)
(0.145455 0.0975 0.29)
(0.140909 0.0975 0.29)
(0.136364 0.0975 0.29)
(0.131818 0.0975 0.29)
(0.127273 0.0975 0.29)
(0.122727 0.0975 0.29)
(0.118182 0.0975 0.29)
(0.113636 0.0975 0.29)
(0.109091 0.0975 0.29)
(0.104545 0.0975 0.29)
(0.1 0.0975 0.29)
(0.0954545 0.0975 0.29)
(0.0909091 0.0975 0.29)
(0.0863636 0.0975 0.29)
(0.0818182 0.0975 0.29)
(0.0772727 0.0975 0.29)
(0.0727273 0.0975 0.29)
(0.0681818 0.0975 0.29)
(0.0636364 0.0975 0.29)
(0.0590909 0.0975 0.29)
(0.0545455 0.0975 0.29)
(0.05 0.0975 0.29)
(0.0454545 0.0975 0.29)
(0.0409091 0.0975 0.29)
(0.0363636 0.0975 0.29)
(0.0318182 0.0975 0.29)
(0.0272727 0.0975 0.29)
(0.0227273 0.0975 0.29)
(0.0181818 0.0975 0.29)
(0.0136364 0.0975 0.29)
(0.00909091 0.0975 0.29)
(0.00454545 0.0975 0.29)
(0 0.0860245 0.29)
(0 0.0758729 0.29)
(0 0.0668925 0.29)
(0 0.0589482 0.29)
(0 0.0519203 0.29)
(0 0.0457033 0.29)
(0 0.0402035 0.29)
(0 0.0353382 0.29)
(0 0.0310342 0.29)
(0 0.0272268 0.29)
(0 0.0238586 0.29)
(0 0.020879 0.29)
(0 0.0182432 0.29)
(0 0.0159114 0.29)
(0 0.0138486 0.29)
(0 0.0120239 0.29)
(0 0.0104096 0.29)
(0 0.00898161 0.29)
(0 0.00771834 0.29)
(0 0.00660081 0.29)
(0 0.00561221 0.29)
(0 0.00473767 0.29)
(0 0.00396401 0.29)
(0 0.00327962 0.29)
(0 0.00267418 0.29)
(0 0.00213859 0.29)
(0 0.00166478 0.29)
(0 0.00124565 0.29)
(0 0.000874862 0.29)
(0 0.000546855 0.29)
(0 0.00025669 0.29)
(0.00459748 0.00103066 0)
(0.00459733 0.00131852 0)
(0.00459715 0.00164392 0)
(0.00459695 0.00201175 0)
(0.00459673 0.00242755 0)
(0.00459648 0.00289758 0)
(0.00459619 0.00342891 0)
(0.00459587 0.00402953 0)
(0.0045955 0.00470848 0)
(0.00459508 0.00547598 0)
(0.00459462 0.00634356 0)
(0.00459409 0.00732429 0)
(0.00459349 0.00843293 0)
(0.00459281 0.00968614 0)
(0.00459205 0.0111028 0)
(0.00459119 0.0127042 0)
(0.00459021 0.0145144 0)
(0.00458911 0.0165608 0)
(0.00458786 0.018874 0)
(0.00458645 0.0214888 0)
(0.00458485 0.0244447 0)
(0.00458305 0.0277861 0)
(0.00458102 0.0315632 0)
(0.00457871 0.035833 0)
(0.00457611 0.0406595 0)
(0.00457317 0.0461156 0)
(0.00456984 0.0522831 0)
(0.00456608 0.059255 0)
(0.00456183 0.0671361 0)
(0.00455703 0.0760451 0)
(0.00455159 0.0861158 0)
(0.00917079 0.00193697 0)
(0.00917055 0.00222212 0)
(0.00917028 0.00254446 0)
(0.00916998 0.00290883 0)
(0.00916963 0.00332073 0)
(0.00916925 0.00378634 0)
(0.00916881 0.00431268 0)
(0.00916831 0.00490766 0)
(0.00916775 0.00558023 0)
(0.00916711 0.00634051 0)
(0.00916639 0.00719995 0)
(0.00916558 0.00817147 0)
(0.00916466 0.00926969 0)
(0.00916362 0.0105111 0)
(0.00916245 0.0119145 0)
(0.00916112 0.0135008 0)
(0.00915963 0.0152941 0)
(0.00915793 0.0173212 0)
(0.00915602 0.0196126 0)
(0.00915385 0.0222029 0)
(0.0091514 0.0251311 0)
(0.00914864 0.0284411 0)
(0.00914551 0.0321827 0)
(0.00914197 0.0364123 0)
(0.00913798 0.0411935 0)
(0.00913346 0.0465983 0)
(0.00912835 0.0527079 0)
(0.00912258 0.0596143 0)
(0.00911605 0.0674214 0)
(0.00910868 0.0762466 0)
(0.00910034 0.0862228 0)
(0.0137274 0.00292398 0)
(0.0137271 0.00320619 0)
(0.0137268 0.0035252 0)
(0.0137265 0.00388581 0)
(0.0137261 0.00429346 0)
(0.0137256 0.00475426 0)
(0.0137251 0.00527516 0)
(0.0137246 0.005864 0)
(0.0137239 0.00652962 0)
(0.0137232 0.00728205 0)
(0.0137224 0.00813261 0)
(0.0137215 0.00909409 0)
(0.0137204 0.010181 0)
(0.0137192 0.0114096 0)
(0.0137179 0.0127984 0)
(0.0137164 0.0143684 0)
(0.0137147 0.0161431 0)
(0.0137127 0.0181493 0)
(0.0137106 0.0204171 0)
(0.0137081 0.0229806 0)
(0.0137053 0.0258785 0)
(0.0137021 0.0291543 0)
(0.0136986 0.0328573 0)
(0.0136946 0.0370433 0)
(0.01369 0.0417751 0)
(0.0136849 0.047124 0)
(0.013679 0.0531705 0)
(0.0136725 0.0600056 0)
(0.013665 0.0677321 0)
(0.0136566 0.0764661 0)
(0.0136471 0.0863393 0)
(0.0182771 0.00394232 0)
(0.0182768 0.00422149 0)
(0.0182765 0.00453707 0)
(0.0182761 0.0048938 0)
(0.0182757 0.00529705 0)
(0.0182753 0.00575289 0)
(0.0182747 0.00626819 0)
(0.0182741 0.00685068 0)
(0.0182735 0.00750914 0)
(0.0182727 0.00825347 0)
(0.0182719 0.00909487 0)
(0.0182709 0.010046 0)
(0.0182698 0.0111212 0)
(0.0182686 0.0123366 0)
(0.0182672 0.0137105 0)
(0.0182656 0.0152635 0)
(0.0182638 0.0170191 0)
(0.0182618 0.0190037 0)
(0.0182595 0.0212471 0)
(0.0182569 0.023783 0)
(0.018254 0.0266497 0)
(0.0182507 0.0298902 0)
(0.018247 0.0335534 0)
(0.0182427 0.0376942 0)
(0.018238 0.0423751 0)
(0.0182326 0.0476665 0)
(0.0182265 0.0536479 0)
(0.0182196 0.0604093 0)
(0.0182118 0.0680526 0)
(0.018203 0.0766926 0)
(0.0181931 0.0864594 0)
(0.0228306 0.00494352 0)
(0.0228303 0.0052197 0)
(0.02283 0.0055319 0)
(0.0228296 0.00588481 0)
(0.0228291 0.00628375 0)
(0.0228286 0.00673472 0)
(0.0228281 0.00724449 0)
(0.0228274 0.00782075 0)
(0.0228267 0.00847216 0)
(0.0228259 0.00920853 0)
(0.0228249 0.0100409 0)
(0.0228239 0.0109819 0)
(0.0228227 0.0120455 0)
(0.0228214 0.0132479 0)
(0.0228198 0.0146071 0)
(0.0228181 0.0161436 0)
(0.0228162 0.0178804 0)
(0.022814 0.0198437 0)
(0.0228115 0.0220631 0)
(0.0228087 0.0245719 0)
(0.0228055 0.0274079 0)
(0.022802 0.0306137 0)
(0.0227979 0.0342377 0)
(0.0227933 0.0383342 0)
(0.0227882 0.042965 0)
(0.0227823 0.0481997 0)
(0.0227757 0.0541171 0)
(0.0227682 0.0608062 0)
(0.0227598 0.0683677 0)
(0.0227503 0.0769153 0)
(0.0227395 0.0865776 0)
(0.0273981 0.0058786 0)
(0.0273978 0.00615199 0)
(0.0273974 0.00646103 0)
(0.0273969 0.00681038 0)
(0.0273963 0.00720529 0)
(0.0273957 0.0076517 0)
(0.027395 0.00815633 0)
(0.0273942 0.00872676 0)
(0.0273934 0.00937159 0)
(0.0273924 0.0101005 0)
(0.0273912 0.0109245 0)
(0.02739 0.011856 0)
(0.0273885 0.0129089 0)
(0.0273869 0.0140991 0)
(0.0273851 0.0154446 0)
(0.027383 0.0169655 0)
(0.0273806 0.0186848 0)
(0.027378 0.0206283 0)
(0.0273749 0.0228252 0)
(0.0273716 0.0253087 0)
(0.0273677 0.028116 0)
(0.0273634 0.0312895 0)
(0.0273585 0.0348768 0)
(0.0273529 0.038932 0)
(0.0273466 0.043516 0)
(0.0273395 0.0486978 0)
(0.0273315 0.0545554 0)
(0.0273224 0.061177 0)
(0.0273122 0.068662 0)
(0.0273006 0.0771233 0)
(0.0272875 0.0866879 0)
(0.031988 0.00669671 0)
(0.0319875 0.00696765 0)
(0.0319869 0.00727394 0)
(0.0319863 0.00762017 0)
(0.0319856 0.00801155 0)
(0.0319847 0.00845397 0)
(0.0319838 0.00895409 0)
(0.0319827 0.00951944 0)
(0.0319815 0.0101585 0)
(0.0319802 0.0108809 0)
(0.0319787 0.0116976 0)
(0.0319769 0.0126207 0)
(0.031975 0.0136642 0)
(0.0319728 0.0148438 0)
(0.0319703 0.0161773 0)
(0.0319675 0.0176846 0)
(0.0319643 0.0193885 0)
(0.0319607 0.0213147 0)
(0.0319566 0.023492 0)
(0.031952 0.0259533 0)
(0.0319468 0.0287356 0)
(0.0319409 0.0318807 0)
(0.0319343 0.035436 0)
(0.0319267 0.0394549 0)
(0.0319182 0.043998 0)
(0.0319086 0.0491336 0)
(0.0318978 0.0549389 0)
(0.0318855 0.0615013 0)
(0.0318716 0.0689195 0)
(0.031856 0.0773052 0)
(0.0318382 0.0867845 0)
(0.0366049 0.00734415 0)
(0.0366042 0.00761316 0)
(0.0366034 0.00791726 0)
(0.0366025 0.00826102 0)
(0.0366014 0.00864961 0)
(0.0366003 0.00908888 0)
(0.0365989 0.00958544 0)
(0.0365974 0.0101468 0)
(0.0365957 0.0107813 0)
(0.0365938 0.0114985 0)
(0.0365916 0.0123093 0)
(0.0365892 0.0132259 0)
(0.0365864 0.014262 0)
(0.0365833 0.0154332 0)
(0.0365797 0.0167571 0)
(0.0365757 0.0182537 0)
(0.0365712 0.0199455 0)
(0.0365661 0.0218579 0)
(0.0365603 0.0240197 0)
(0.0365538 0.0264634 0)
(0.0365464 0.0292259 0)
(0.036538 0.0323486 0)
(0.0365286 0.0358785 0)
(0.0365179 0.0398688 0)
(0.0365058 0.0443795 0)
(0.0364922 0.0494784 0)
(0.0364767 0.0552424 0)
(0.0364593 0.061758 0)
(0.0364396 0.0691233 0)
(0.0364173 0.0774492 0)
(0.0363921 0.0868609 0)
(0.0412479 0.00776428 0)
(0.0412469 0.00803204 0)
(0.0412457 0.00833472 0)
(0.0412445 0.00867688 0)
(0.041243 0.00906366 0)
(0.0412413 0.00950088 0)
(0.0412395 0.00999512 0)
(0.0412374 0.0105538 0)
(0.041235 0.0111854 0)
(0.0412323 0.0118993 0)
(0.0412292 0.0127063 0)
(0.0412258 0.0136186 0)
(0.0412219 0.0146499 0)
(0.0412175 0.0158156 0)
(0.0412125 0.0171334 0)
(0.0412069 0.018623 0)
(0.0412005 0.0203069 0)
(0.0411934 0.0222104 0)
(0.0411852 0.0243621 0)
(0.0411761 0.0267945 0)
(0.0411657 0.029544 0)
(0.0411539 0.0326522 0)
(0.0411407 0.0361657 0)
(0.0411257 0.0401374 0)
(0.0411087 0.044627 0)
(0.0410896 0.0497022 0)
(0.0410679 0.0554393 0)
(0.0410434 0.0619245 0)
(0.0410157 0.0692555 0)
(0.0409844 0.0775426 0)
(0.0409491 0.0869105 0)
(0.0459076 0.00789888 0)
(0.0459063 0.00816624 0)
(0.0459048 0.00846847 0)
(0.045903 0.00881011 0)
(0.0459011 0.00919631 0)
(0.0458989 0.00963288 0)
(0.0458964 0.0101264 0)
(0.0458936 0.0106842 0)
(0.0458904 0.0113148 0)
(0.0458868 0.0120277 0)
(0.0458827 0.0128335 0)
(0.0458781 0.0137444 0)
(0.0458729 0.0147741 0)
(0.045867 0.0159381 0)
(0.0458603 0.0172539 0)
(0.0458528 0.0187413 0)
(0.0458443 0.0204227 0)
(0.0458347 0.0223233 0)
(0.0458238 0.0244718 0)
(0.0458116 0.0269005 0)
(0.0457977 0.029646 0)
(0.045782 0.0327494 0)
(0.0457642 0.0362577 0)
(0.0457442 0.0402234 0)
(0.0457215 0.0447063 0)
(0.0456959 0.0497739 0)
(0.0456669 0.0555024 0)
(0.0456342 0.0619779 0)
(0.0455972 0.0692979 0)
(0.0455553 0.0775726 0)
(0.045508 0.0869264 0)
(0.0505643 0.00769035 0)
(0.0505626 0.00795833 0)
(0.0505607 0.00826126 0)
(0.0505585 0.0086037 0)
(0.0505561 0.0089908 0)
(0.0505534 0.00942838 0)
(0.0505502 0.00992303 0)
(0.0505467 0.0104822 0)
(0.0505428 0.0111143 0)
(0.0505383 0.0118288 0)
(0.0505332 0.0126365 0)
(0.0505275 0.0135495 0)
(0.050521 0.0145816 0)
(0.0505136 0.0157483 0)
(0.0505054 0.0170672 0)
(0.050496 0.018558 0)
(0.0504854 0.0202433 0)
(0.0504734 0.0221483 0)
(0.0504599 0.0243019 0)
(0.0504446 0.0267362 0)
(0.0504273 0.029488 0)
(0.0504078 0.0325988 0)
(0.0503857 0.0361151 0)
(0.0503607 0.0400901 0)
(0.0503325 0.0445835 0)
(0.0503006 0.0496628 0)
(0.0502645 0.0554046 0)
(0.0502237 0.0618952 0)
(0.0501776 0.0692323 0)
(0.0501255 0.0775262 0)
(0.0500666 0.0869017 0)
(0.0551751 0.00701378 0)
(0.0551732 0.00728379 0)
(0.0551711 0.007589 0)
(0.0551687 0.00793402 0)
(0.055166 0.00832404 0)
(0.0551629 0.00876491 0)
(0.0551594 0.00926329 0)
(0.0551555 0.00982666 0)
(0.0551511 0.0104635 0)
(0.0551461 0.0111834 0)
(0.0551404 0.0119972 0)
(0.055134 0.0129171 0)
(0.0551268 0.013957 0)
(0.0551186 0.0151324 0)
(0.0551094 0.0164612 0)
(0.0550989 0.0179633 0)
(0.0550871 0.0196613 0)
(0.0550737 0.0215807 0)
(0.0550586 0.0237504 0)
(0.0550416 0.0262031 0)
(0.0550223 0.0289757 0)
(0.0550005 0.0321098 0)
(0.0549758 0.0356527 0)
(0.0549479 0.0396576 0)
(0.0549164 0.0441848 0)
(0.0548808 0.0493025 0)
(0.0548406 0.0550875 0)
(0.0547951 0.061627 0)
(0.0547436 0.0690193 0)
(0.0546855 0.0773757 0)
(0.0546198 0.0868219 0)
(0.0597028 0.00590709 0)
(0.0597009 0.0061804 0)
(0.0596989 0.00648934 0)
(0.0596965 0.00683858 0)
(0.0596939 0.00723337 0)
(0.0596909 0.00767964 0)
(0.0596875 0.00818411 0)
(0.0596837 0.00875437 0)
(0.0596794 0.009399 0)
(0.0596746 0.0101277 0)
(0.0596691 0.0109514 0)
(0.0596628 0.0118826 0)
(0.0596558 0.0129352 0)
(0.0596479 0.014125 0)
(0.0596389 0.0154701 0)
(0.0596287 0.0169905 0)
(0.0596172 0.0187093 0)
(0.0596043 0.0206522 0)
(0.0595896 0.0228484 0)
(0.059573 0.0253311 0)
(0.0595543 0.0281376 0)
(0.0595331 0.0313101 0)
(0.0595091 0.0348963 0)
(0.059482 0.0389502 0)
(0.0594514 0.0435328 0)
(0.0594168 0.048713 0)
(0.0593777 0.0545688 0)
(0.0593335 0.0611883 0)
(0.0592835 0.068671 0)
(0.059227 0.0771296 0)
(0.0591631 0.0866913 0)
(0.0641444 0.00449271 0)
(0.0641429 0.00477024 0)
(0.0641412 0.00508395 0)
(0.0641392 0.00543859 0)
(0.064137 0.00583947 0)
(0.0641346 0.00629263 0)
(0.0641318 0.00680489 0)
(0.0641286 0.00738396 0)
(0.064125 0.00803854 0)
(0.064121 0.00877849 0)
(0.0641164 0.00961494 0)
(0.0641112 0.0105605 0)
(0.0641054 0.0116293 0)
(0.0640988 0.0128376 0)
(0.0640913 0.0142034 0)
(0.0640829 0.0157473 0)
(0.0640734 0.0174926 0)
(0.0640626 0.0194655 0)
(0.0640504 0.0216957 0)
(0.0640367 0.0242167 0)
(0.0640211 0.0270665 0)
(0.0640035 0.030288 0)
(0.0639836 0.0339296 0)
(0.0639611 0.0380461 0)
(0.0639357 0.0426994 0)
(0.063907 0.0479596 0)
(0.0638745 0.0539058 0)
(0.0638378 0.0606275 0)
(0.0637963 0.0682258 0)
(0.0637493 0.076815 0)
(0.0636963 0.0865244 0)
(0.0685162 0.00287492 0)
(0.0685152 0.00315727 0)
(0.0685141 0.00347645 0)
(0.0685128 0.00383725 0)
(0.0685114 0.0042451 0)
(0.0685098 0.00470615 0)
(0.0685079 0.00522732 0)
(0.0685058 0.00581646 0)
(0.0685035 0.00648243 0)
(0.0685008 0.00723525 0)
(0.0684978 0.00808625 0)
(0.0684944 0.00904823 0)
(0.0684906 0.0101357 0)
(0.0684862 0.0113649 0)
(0.0684813 0.0127545 0)
(0.0684758 0.0143253 0)
(0.0684695 0.0161009 0)
(0.0684624 0.0181081 0)
(0.0684544 0.0203771 0)
(0.0684453 0.022942 0)
(0.0684351 0.0258414 0)
(0.0684235 0.0291189 0)
(0.0684104 0.0328238 0)
(0.0683956 0.0370119 0)
(0.0683789 0.0417462 0)
(0.0683599 0.0470979 0)
(0.0683386 0.0531476 0)
(0.0683144 0.0599862 0)
(0.0682871 0.0677166 0)
(0.0682562 0.0764552 0)
(0.0682213 0.0863335 0)
(0.0728438 0.00114186 0)
(0.0728434 0.00142939 0)
(0.072843 0.00175441 0)
(0.0728426 0.00212182 0)
(0.0728421 0.00253714 0)
(0.0728415 0.00300663 0)
(0.0728409 0.00353734 0)
(0.0728402 0.00413727 0)
(0.0728393 0.00481544 0)
(0.0728384 0.00558205 0)
(0.0728374 0.00644864 0)
(0.0728362 0.00742824 0)
(0.0728348 0.00853559 0)
(0.0728333 0.00978736 0)
(0.0728316 0.0112024 0)
(0.0728297 0.0128019 0)
(0.0728275 0.0146101 0)
(0.072825 0.0166541 0)
(0.0728222 0.0189646 0)
(0.0728191 0.0215765 0)
(0.0728155 0.0245289 0)
(0.0728115 0.0278665 0)
(0.0728069 0.0316393 0)
(0.0728017 0.0359041 0)
(0.0727959 0.0407251 0)
(0.0727893 0.0461748 0)
(0.0727819 0.0523352 0)
(0.0727735 0.0592991 0)
(0.0727639 0.0671711 0)
(0.0727532 0.0760698 0)
(0.072741 0.086129 0)
(0.0771562 -0.000628484 0)
(0.0771566 -0.000335677 0)
(0.077157 -4.68477e-06 0)
(0.0771574 0.000369474 0)
(0.0771579 0.000792428 0)
(0.0771585 0.00127054 0)
(0.0771591 0.00181101 0)
(0.0771598 0.00242196 0)
(0.0771607 0.00311259 0)
(0.0771616 0.00389328 0)
(0.0771626 0.00477579 0)
(0.0771638 0.00577339 0)
(0.0771652 0.00690109 0)
(0.0771667 0.00817586 0)
(0.0771684 0.00961687 0)
(0.0771703 0.0112458 0)
(0.0771725 0.0130872 0)
(0.077175 0.0151687 0)
(0.0771778 0.0175217 0)
(0.0771809 0.0201815 0)
(0.0771845 0.0231883 0)
(0.0771885 0.0265871 0)
(0.0771931 0.0304292 0)
(0.0771983 0.0347724 0)
(0.0772041 0.039682 0)
(0.0772107 0.0452318 0)
(0.0772181 0.0515054 0)
(0.0772265 0.0585972 0)
(0.0772361 0.0666139 0)
(0.0772468 0.0756761 0)
(0.077259 0.0859201 0)
(0.0814838 -0.00236154 0)
(0.0814848 -0.00206356 0)
(0.0814859 -0.00172673 0)
(0.0814872 -0.00134596 0)
(0.0814886 -0.000915535 0)
(0.0814902 -0.000428978 0)
(0.0814921 0.000121034 0)
(0.0814942 0.000742774 0)
(0.0814965 0.0014456 0)
(0.0814992 0.00224008 0)
(0.0815022 0.00313818 0)
(0.0815056 0.00415339 0)
(0.0815094 0.00530101 0)
(0.0815138 0.00659829 0)
(0.0815187 0.00806476 0)
(0.0815242 0.00972247 0)
(0.0815305 0.0115964 0)
(0.0815376 0.0137147 0)
(0.0815456 0.0161092 0)
(0.0815547 0.018816 0)
(0.0815649 0.0218758 0)
(0.0815765 0.0253347 0)
(0.0815896 0.0292447 0)
(0.0816044 0.0336645 0)
(0.0816211 0.0386608 0)
(0.0816401 0.0443087 0)
(0.0816614 0.0506931 0)
(0.0816856 0.0579102 0)
(0.0817129 0.0660684 0)
(0.0817438 0.0752906 0)
(0.0817787 0.0857155 0)
(0.0858556 -0.00397933 0)
(0.0858571 -0.00367653 0)
(0.0858588 -0.00333423 0)
(0.0858608 -0.0029473 0)
(0.085863 -0.0025099 0)
(0.0858654 -0.00201546 0)
(0.0858682 -0.00145654 0)
(0.0858714 -0.000824724 0)
(0.085875 -0.000110513 0)
(0.085879 0.00069684 0)
(0.0858836 0.00160948 0)
(0.0858888 0.00264115 0)
(0.0858946 0.00380736 0)
(0.0859012 0.00512566 0)
(0.0859087 0.00661588 0)
(0.0859171 0.00830045 0)
(0.0859266 0.0102047 0)
(0.0859374 0.0123573 0)
(0.0859496 0.0147906 0)
(0.0859633 0.0175413 0)
(0.0859789 0.0206507 0)
(0.0859965 0.0241656 0)
(0.0860164 0.0281389 0)
(0.0860389 0.0326304 0)
(0.0860643 0.0377076 0)
(0.086093 0.043447 0)
(0.0861255 0.0499348 0)
(0.0861622 0.0572688 0)
(0.0862037 0.0655592 0)
(0.0862507 0.0749308 0)
(0.0863037 0.0855246 0)
(0.0902972 -0.00539371 0)
(0.0902991 -0.00508669 0)
(0.0903011 -0.00473962 0)
(0.0903035 -0.00434729 0)
(0.0903061 -0.0039038 0)
(0.0903091 -0.00340247 0)
(0.0903125 -0.00283575 0)
(0.0903163 -0.00219514 0)
(0.0903206 -0.00147097 0)
(0.0903254 -0.000652365 0)
(0.0903309 0.000272998 0)
(0.0903372 0.00131904 0)
(0.0903442 0.0025015 0)
(0.0903521 0.00383818 0)
(0.0903611 0.00534917 0)
(0.0903713 0.00705722 0)
(0.0903828 0.00898802 0)
(0.0903957 0.0111706 0)
(0.0904104 0.0136379 0)
(0.090427 0.0164269 0)
(0.0904457 0.0195796 0)
(0.0904669 0.0231435 0)
(0.0904909 0.0271722 0)
(0.090518 0.0317263 0)
(0.0905486 0.0368743 0)
(0.0905832 0.0426936 0)
(0.0906223 0.0492719 0)
(0.0906665 0.0567081 0)
(0.0907165 0.0651141 0)
(0.090773 0.0746163 0)
(0.0908369 0.0853577 0)
(0.0948249 -0.00650041 0)
(0.0948268 -0.00619008 0)
(0.0948289 -0.00583928 0)
(0.0948313 -0.00544273 0)
(0.094834 -0.00499447 0)
(0.0948371 -0.00448774 0)
(0.0948406 -0.00391494 0)
(0.0948445 -0.00326743 0)
(0.0948489 -0.00253547 0)
(0.0948539 -0.00170806 0)
(0.0948596 -0.000772746 0)
(0.094866 0.000284549 0)
(0.0948732 0.00147973 0)
(0.0948814 0.00283078 0)
(0.0948906 0.00435802 0)
(0.0949011 0.00608444 0)
(0.0949129 0.00803601 0)
(0.0949263 0.0102421 0)
(0.0949414 0.0127359 0)
(0.0949584 0.0155549 0)
(0.0949777 0.0187415 0)
(0.0949995 0.0223438 0)
(0.0950242 0.0264158 0)
(0.0950521 0.0310188 0)
(0.0950836 0.0362222 0)
(0.0951192 0.0421041 0)
(0.0951594 0.0487532 0)
(0.0952049 0.0562693 0)
(0.0952564 0.0647657 0)
(0.0953145 0.0743701 0)
(0.0953802 0.0852271 0)
(0.0994357 -0.00717697 0)
(0.0994374 -0.00686462 0)
(0.0994393 -0.00651154 0)
(0.0994415 -0.00611241 0)
(0.0994439 -0.00566123 0)
(0.0994466 -0.00515121 0)
(0.0994498 -0.00457468 0)
(0.0994533 -0.00392296 0)
(0.0994572 -0.00318624 0)
(0.0994617 -0.00235345 0)
(0.0994668 -0.00141205 0)
(0.0994725 -0.000347875 0)
(0.099479 0.000855081 0)
(0.0994864 0.00221492 0)
(0.0994946 0.0037521 0)
(0.099504 0.00548975 0)
(0.0995146 0.00745401 0)
(0.0995266 0.00967444 0)
(0.0995401 0.0121845 0)
(0.0995554 0.0150218 0)
(0.0995727 0.0182292 0)
(0.0995922 0.0218548 0)
(0.0996143 0.0259533 0)
(0.0996393 0.0305863 0)
(0.0996675 0.0358235 0)
(0.0996994 0.0417438 0)
(0.0997355 0.0484361 0)
(0.0997763 0.0560011 0)
(0.0998224 0.0645528 0)
(0.0998745 0.0742197 0)
(0.0999334 0.0851473 0)
(0.104092 -0.0073855 0)
(0.104094 -0.00707253 0)
(0.104095 -0.00671875 0)
(0.104097 -0.00631882 0)
(0.104099 -0.00586674 0)
(0.104101 -0.00535571 0)
(0.104104 -0.00477803 0)
(0.104106 -0.00412501 0)
(0.10411 -0.00338682 0)
(0.104113 -0.00255237 0)
(0.104117 -0.00160909 0)
(0.104122 -0.000542802 0)
(0.104127 0.000662551 0)
(0.104133 0.0020251 0)
(0.10414 0.00356534 0)
(0.104147 0.00530645 0)
(0.104156 0.00727463 0)
(0.104165 0.00949948 0)
(0.104176 0.0120145 0)
(0.104188 0.0148575 0)
(0.104202 0.0180713 0)
(0.104218 0.0217041 0)
(0.104236 0.0258108 0)
(0.104256 0.030453 0)
(0.104278 0.0357007 0)
(0.104304 0.0416327 0)
(0.104333 0.0483383 0)
(0.104366 0.0559184 0)
(0.104403 0.0644871 0)
(0.104445 0.0741733 0)
(0.104492 0.0851227 0)
(0.108752 -0.0072509 0)
(0.108753 -0.00693833 0)
(0.108754 -0.006585 0)
(0.108756 -0.00618559 0)
(0.108757 -0.00573409 0)
(0.108759 -0.00522371 0)
(0.108761 -0.00464677 0)
(0.108763 -0.00399459 0)
(0.108765 -0.00325735 0)
(0.108768 -0.00242397 0)
(0.108771 -0.00148191 0)
(0.108774 -0.000416983 0)
(0.108778 0.000786823 0)
(0.108782 0.00214762 0)
(0.108787 0.00368589 0)
(0.108793 0.00542476 0)
(0.108799 0.00739042 0)
(0.108807 0.00961241 0)
(0.108815 0.0121242 0)
(0.108824 0.0149635 0)
(0.108834 0.0181732 0)
(0.108846 0.0218014 0)
(0.108859 0.0259028 0)
(0.108874 0.0305391 0)
(0.108891 0.03578 0)
(0.10891 0.0417044 0)
(0.108932 0.0484014 0)
(0.108957 0.0559718 0)
(0.108984 0.0645295 0)
(0.109016 0.0742032 0)
(0.109051 0.0851386 0)
(0.113395 -0.00683077 0)
(0.113396 -0.00651945 0)
(0.113397 -0.00616754 0)
(0.113398 -0.00576973 0)
(0.113399 -0.00532005 0)
(0.1134 -0.00481171 0)
(0.113401 -0.00423709 0)
(0.113403 -0.00358752 0)
(0.113404 -0.00285324 0)
(0.113406 -0.0020232 0)
(0.113408 -0.00108491 0)
(0.113411 -2.42604e-05 0)
(0.113414 0.00117472 0)
(0.113417 0.00253006 0)
(0.11342 0.00406215 0)
(0.113424 0.00579406 0)
(0.113429 0.00775182 0)
(0.113434 0.00996491 0)
(0.11344 0.0124666 0)
(0.113446 0.0152946 0)
(0.113454 0.0184913 0)
(0.113462 0.022105 0)
(0.113471 0.02619 0)
(0.113482 0.0308076 0)
(0.113494 0.0360275 0)
(0.113508 0.0419282 0)
(0.113523 0.0485983 0)
(0.113541 0.0561384 0)
(0.11356 0.0646617 0)
(0.113583 0.0742967 0)
(0.113608 0.0851881 0)
(0.118012 -0.00618333 0)
(0.118012 -0.00587394 0)
(0.118013 -0.00552422 0)
(0.118014 -0.00512888 0)
(0.118014 -0.00468198 0)
(0.118015 -0.0041768 0)
(0.118016 -0.00360574 0)
(0.118017 -0.0029602 0)
(0.118018 -0.00223048 0)
(0.11802 -0.00140559 0)
(0.118021 -0.00047313 0)
(0.118023 0.000580941 0)
(0.118025 0.00177248 0)
(0.118027 0.00311941 0)
(0.11803 0.004642 0)
(0.118033 0.00636315 0)
(0.118036 0.00830877 0)
(0.118039 0.0105081 0)
(0.118043 0.0129943 0)
(0.118048 0.0158047 0)
(0.118053 0.0189816 0)
(0.118059 0.0225729 0)
(0.118066 0.0266325 0)
(0.118073 0.0312215 0)
(0.118082 0.036409 0)
(0.118091 0.042273 0)
(0.118102 0.0489018 0)
(0.118114 0.056395 0)
(0.118128 0.0648655 0)
(0.118144 0.0744407 0)
(0.118162 0.0852645 0)
(0.122602 -0.00536522 0)
(0.122602 -0.00505828 0)
(0.122603 -0.00471131 0)
(0.122603 -0.00431909 0)
(0.122604 -0.00387572 0)
(0.122604 -0.00337453 0)
(0.122605 -0.00280797 0)
(0.122606 -0.00216753 0)
(0.122607 -0.00144357 0)
(0.122608 -0.000625188 0)
(0.122609 0.00029992 0)
(0.12261 0.00134567 0)
(0.122611 0.00252781 0)
(0.122613 0.00386411 0)
(0.122615 0.00537469 0)
(0.122617 0.00708226 0)
(0.122619 0.00901253 0)
(0.122622 0.0111945 0)
(0.122625 0.0136611 0)
(0.122628 0.0164493 0)
(0.122632 0.0196012 0)
(0.122637 0.0231641 0)
(0.122642 0.0271917 0)
(0.122647 0.0317445 0)
(0.122653 0.036891 0)
(0.12266 0.0427088 0)
(0.122668 0.0492853 0)
(0.122678 0.0567194 0)
(0.122688 0.065123 0)
(0.122699 0.0746226 0)
(0.122712 0.0853611 0)
(0.127169 -0.00443014 0)
(0.12717 -0.00412599 0)
(0.12717 -0.00378218 0)
(0.12717 -0.00339352 0)
(0.127171 -0.00295418 0)
(0.127171 -0.00245755 0)
(0.127172 -0.00189614 0)
(0.127173 -0.00126152 0)
(0.127173 -0.000544138 0)
(0.127174 0.000266802 0)
(0.127175 0.0011835 0)
(0.127176 0.00221975 0)
(0.127177 0.00339114 0)
(0.127179 0.00471529 0)
(0.12718 0.00621213 0)
(0.127182 0.00790419 0)
(0.127184 0.00981691 0)
(0.127186 0.0119791 0)
(0.127188 0.0144232 0)
(0.127191 0.0171861 0)
(0.127194 0.0203093 0)
(0.127198 0.0238398 0)
(0.127202 0.0278308 0)
(0.127207 0.0323422 0)
(0.127212 0.037442 0)
(0.127218 0.0432069 0)
(0.127224 0.0497235 0)
(0.127232 0.0570901 0)
(0.12724 0.0654173 0)
(0.12725 0.0748306 0)
(0.127261 0.0854714 0)
(0.131723 -0.00342895 0)
(0.131723 -0.00312778 0)
(0.131723 -0.00278734 0)
(0.131724 -0.00240251 0)
(0.131724 -0.00196748 0)
(0.131725 -0.00147572 0)
(0.131725 -0.000919833 0)
(0.131726 -0.000291447 0)
(0.131727 0.00041889 0)
(0.131727 0.00122186 0)
(0.131728 0.00212956 0)
(0.131729 0.00315563 0)
(0.13173 0.00431551 0)
(0.131731 0.00562666 0)
(0.131733 0.0071088 0)
(0.131734 0.00878423 0)
(0.131736 0.0106782 0)
(0.131738 0.0128191 0)
(0.131741 0.0152392 0)
(0.131743 0.017975 0)
(0.131746 0.0210675 0)
(0.131749 0.0245634 0)
(0.131753 0.0285151 0)
(0.131757 0.0329822 0)
(0.131762 0.0380319 0)
(0.131767 0.0437401 0)
(0.131774 0.0501928 0)
(0.13178 0.057487 0)
(0.131788 0.0657325 0)
(0.131797 0.0750532 0)
(0.131807 0.0855896 0)
(0.136273 -0.00241061 0)
(0.136273 -0.00211248 0)
(0.136273 -0.00177548 0)
(0.136274 -0.00139452 0)
(0.136274 -0.000963888 0)
(0.136274 -0.000477091 0)
(0.136275 7.31904e-05 0)
(0.136275 0.000695236 0)
(0.136276 0.00139841 0)
(0.136277 0.00219328 0)
(0.136278 0.00309181 0)
(0.136279 0.00410753 0)
(0.13628 0.00525571 0)
(0.136281 0.00655363 0)
(0.136282 0.00802082 0)
(0.136284 0.00967934 0)
(0.136285 0.0115542 0)
(0.136287 0.0136735 0)
(0.136289 0.0160692 0)
(0.136292 0.0187774 0)
(0.136295 0.0218387 0)
(0.136298 0.0252993 0)
(0.136301 0.0292111 0)
(0.136305 0.0336332 0)
(0.13631 0.0386319 0)
(0.136315 0.0442826 0)
(0.136321 0.0506701 0)
(0.136328 0.0578907 0)
(0.136335 0.066053 0)
(0.136343 0.0752797 0)
(0.136353 0.0857097 0)
(0.140829 -0.00142359 0)
(0.140829 -0.00112841 0)
(0.14083 -0.000794733 0)
(0.14083 -0.000417543 0)
(0.14083 8.83882e-06 0)
(0.140831 0.000490826 0)
(0.140831 0.00103567 0)
(0.140832 0.00165157 0)
(0.140832 0.0023478 0)
(0.140833 0.00313482 0)
(0.140834 0.00402447 0)
(0.140834 0.00503016 0)
(0.140835 0.006167 0)
(0.140836 0.00745209 0)
(0.140838 0.00890478 0)
(0.140839 0.0105469 0)
(0.14084 0.0124032 0)
(0.140842 0.0145016 0)
(0.140844 0.0168737 0)
(0.140846 0.0195551 0)
(0.140849 0.0225862 0)
(0.140851 0.0260125 0)
(0.140854 0.0298858 0)
(0.140858 0.0342641 0)
(0.140862 0.0392135 0)
(0.140867 0.0448083 0)
(0.140872 0.0511328 0)
(0.140877 0.058282 0)
(0.140884 0.0663637 0)
(0.140891 0.0754992 0)
(0.1409 0.0858262 0)
(0.145403 -0.000517285 0)
(0.145403 -0.00022481 0)
(0.145403 0.000105807 0)
(0.145403 0.000479542 0)
(0.145403 0.000902017 0)
(0.145404 0.00137959 0)
(0.145404 0.00191944 0)
(0.145404 0.0025297 0)
(0.145405 0.00321955 0)
(0.145405 0.00399936 0)
(0.145405 0.00488086 0)
(0.145406 0.00587733 0)
(0.145407 0.00700375 0)
(0.145407 0.00827708 0)
(0.145408 0.00971646 0)
(0.145409 0.0113436 0)
(0.14541 0.0131829 0)
(0.145411 0.015262 0)
(0.145412 0.0176123 0)
(0.145414 0.0202692 0)
(0.145415 0.0232725 0)
(0.145417 0.0266675 0)
(0.145419 0.0305052 0)
(0.145421 0.0348435 0)
(0.145424 0.0397475 0)
(0.145427 0.045291 0)
(0.14543 0.0515576 0)
(0.145434 0.0586413 0)
(0.145438 0.0666489 0)
(0.145443 0.0757008 0)
(0.145448 0.0859332 0)
(0.00459748 0.00103066 0.29)
(0.00459733 0.00131852 0.29)
(0.00459715 0.00164392 0.29)
(0.00459695 0.00201175 0.29)
(0.00459673 0.00242755 0.29)
(0.00459648 0.00289758 0.29)
(0.00459619 0.00342891 0.29)
(0.00459587 0.00402953 0.29)
(0.0045955 0.00470848 0.29)
(0.00459508 0.00547598 0.29)
(0.00459462 0.00634356 0.29)
(0.00459409 0.00732429 0.29)
(0.00459349 0.00843293 0.29)
(0.00459281 0.00968614 0.29)
(0.00459205 0.0111028 0.29)
(0.00459119 0.0127042 0.29)
(0.00459021 0.0145144 0.29)
(0.00458911 0.0165608 0.29)
(0.00458786 0.018874 0.29)
(0.00458645 0.0214888 0.29)
(0.00458485 0.0244447 0.29)
(0.00458305 0.0277861 0.29)
(0.00458102 0.0315632 0.29)
(0.00457871 0.035833 0.29)
(0.00457611 0.0406595 0.29)
(0.00457317 0.0461156 0.29)
(0.00456984 0.0522831 0.29)
(0.00456608 0.059255 0.29)
(0.00456183 0.0671361 0.29)
(0.00455703 0.0760451 0.29)
(0.00455159 0.0861158 0.29)
(0.00917079 0.00193697 0.29)
(0.00917055 0.00222212 0.29)
(0.00917028 0.00254446 0.29)
(0.00916998 0.00290883 0.29)
(0.00916963 0.00332073 0.29)
(0.00916925 0.00378634 0.29)
(0.00916881 0.00431268 0.29)
(0.00916831 0.00490766 0.29)
(0.00916775 0.00558023 0.29)
(0.00916711 0.00634051 0.29)
(0.00916639 0.00719995 0.29)
(0.00916558 0.00817147 0.29)
(0.00916466 0.00926969 0.29)
(0.00916362 0.0105111 0.29)
(0.00916245 0.0119145 0.29)
(0.00916112 0.0135008 0.29)
(0.00915963 0.0152941 0.29)
(0.00915793 0.0173212 0.29)
(0.00915602 0.0196126 0.29)
(0.00915385 0.0222029 0.29)
(0.0091514 0.0251311 0.29)
(0.00914864 0.0284411 0.29)
(0.00914551 0.0321827 0.29)
(0.00914197 0.0364123 0.29)
(0.00913798 0.0411935 0.29)
(0.00913346 0.0465983 0.29)
(0.00912835 0.0527079 0.29)
(0.00912258 0.0596143 0.29)
(0.00911605 0.0674214 0.29)
(0.00910868 0.0762466 0.29)
(0.00910034 0.0862228 0.29)
(0.0137274 0.00292398 0.29)
(0.0137271 0.00320619 0.29)
(0.0137268 0.0035252 0.29)
(0.0137265 0.00388581 0.29)
(0.0137261 0.00429346 0.29)
(0.0137256 0.00475426 0.29)
(0.0137251 0.00527516 0.29)
(0.0137246 0.005864 0.29)
(0.0137239 0.00652962 0.29)
(0.0137232 0.00728205 0.29)
(0.0137224 0.00813261 0.29)
(0.0137215 0.00909409 0.29)
(0.0137204 0.010181 0.29)
(0.0137192 0.0114096 0.29)
(0.0137179 0.0127984 0.29)
(0.0137164 0.0143684 0.29)
(0.0137147 0.0161431 0.29)
(0.0137127 0.0181493 0.29)
(0.0137106 0.0204171 0.29)
(0.0137081 0.0229806 0.29)
(0.0137053 0.0258785 0.29)
(0.0137021 0.0291543 0.29)
(0.0136986 0.0328573 0.29)
(0.0136946 0.0370433 0.29)
(0.01369 0.0417751 0.29)
(0.0136849 0.047124 0.29)
(0.013679 0.0531705 0.29)
(0.0136725 0.0600056 0.29)
(0.013665 0.0677321 0.29)
(0.0136566 0.0764661 0.29)
(0.0136471 0.0863393 0.29)
(0.0182771 0.00394232 0.29)
(0.0182768 0.00422149 0.29)
(0.0182765 0.00453707 0.29)
(0.0182761 0.0048938 0.29)
(0.0182757 0.00529705 0.29)
(0.0182753 0.00575289 0.29)
(0.0182747 0.00626819 0.29)
(0.0182741 0.00685068 0.29)
(0.0182735 0.00750914 0.29)
(0.0182727 0.00825347 0.29)
(0.0182719 0.00909487 0.29)
(0.0182709 0.010046 0.29)
(0.0182698 0.0111212 0.29)
(0.0182686 0.0123366 0.29)
(0.0182672 0.0137105 0.29)
(0.0182656 0.0152635 0.29)
(0.0182638 0.0170191 0.29)
(0.0182618 0.0190037 0.29)
(0.0182595 0.0212471 0.29)
(0.0182569 0.023783 0.29)
(0.018254 0.0266497 0.29)
(0.0182507 0.0298902 0.29)
(0.018247 0.0335534 0.29)
(0.0182427 0.0376942 0.29)
(0.018238 0.0423751 0.29)
(0.0182326 0.0476665 0.29)
(0.0182265 0.0536479 0.29)
(0.0182196 0.0604093 0.29)
(0.0182118 0.0680526 0.29)
(0.018203 0.0766926 0.29)
(0.0181931 0.0864594 0.29)
(0.0228306 0.00494352 0.29)
(0.0228303 0.0052197 0.29)
(0.02283 0.0055319 0.29)
(0.0228296 0.00588481 0.29)
(0.0228291 0.00628375 0.29)
(0.0228286 0.00673472 0.29)
(0.0228281 0.00724449 0.29)
(0.0228274 0.00782075 0.29)
(0.0228267 0.00847216 0.29)
(0.0228259 0.00920853 0.29)
(0.0228249 0.0100409 0.29)
(0.0228239 0.0109819 0.29)
(0.0228227 0.0120455 0.29)
(0.0228214 0.0132479 0.29)
(0.0228198 0.0146071 0.29)
(0.0228181 0.0161436 0.29)
(0.0228162 0.0178804 0.29)
(0.022814 0.0198437 0.29)
(0.0228115 0.0220631 0.29)
(0.0228087 0.0245719 0.29)
(0.0228055 0.0274079 0.29)
(0.022802 0.0306137 0.29)
(0.0227979 0.0342377 0.29)
(0.0227933 0.0383342 0.29)
(0.0227882 0.042965 0.29)
(0.0227823 0.0481997 0.29)
(0.0227757 0.0541171 0.29)
(0.0227682 0.0608062 0.29)
(0.0227598 0.0683677 0.29)
(0.0227503 0.0769153 0.29)
(0.0227395 0.0865776 0.29)
(0.0273981 0.0058786 0.29)
(0.0273978 0.00615199 0.29)
(0.0273974 0.00646103 0.29)
(0.0273969 0.00681038 0.29)
(0.0273963 0.00720529 0.29)
(0.0273957 0.0076517 0.29)
(0.027395 0.00815633 0.29)
(0.0273942 0.00872676 0.29)
(0.0273934 0.00937159 0.29)
(0.0273924 0.0101005 0.29)
(0.0273912 0.0109245 0.29)
(0.02739 0.011856 0.29)
(0.0273885 0.0129089 0.29)
(0.0273869 0.0140991 0.29)
(0.0273851 0.0154446 0.29)
(0.027383 0.0169655 0.29)
(0.0273806 0.0186848 0.29)
(0.027378 0.0206283 0.29)
(0.0273749 0.0228252 0.29)
(0.0273716 0.0253087 0.29)
(0.0273677 0.028116 0.29)
(0.0273634 0.0312895 0.29)
(0.0273585 0.0348768 0.29)
(0.0273529 0.038932 0.29)
(0.0273466 0.043516 0.29)
(0.0273395 0.0486978 0.29)
(0.0273315 0.0545554 0.29)
(0.0273224 0.061177 0.29)
(0.0273122 0.068662 0.29)
(0.0273006 0.0771233 0.29)
(0.0272875 0.0866879 0.29)
(0.031988 0.00669671 0.29)
(0.0319875 0.00696765 0.29)
(0.0319869 0.00727394 0.29)
(0.0319863 0.00762017 0.29)
(0.0319856 0.00801155 0.29)
(0.0319847 0.00845397 0.29)
(0.0319838 0.00895409 0.29)
(0.0319827 0.00951944 0.29)
(0.0319815 0.0101585 0.29)
(0.0319802 0.0108809 0.29)
(0.0319787 0.0116976 0.29)
(0.0319769 0.0126207 0.29)
(0.031975 0.0136642 0.29)
(0.0319728 0.0148438 0.29)
(0.0319703 0.0161773 0.29)
(0.0319675 0.0176846 0.29)
(0.0319643 0.0193885 0.29)
(0.0319607 0.0213147 0.29)
(0.0319566 0.023492 0.29)
(0.031952 0.0259533 0.29)
(0.0319468 0.0287356 0.29)
(0.0319409 0.0318807 0.29)
(0.0319343 0.035436 0.29)
(0.0319267 0.0394549 0.29)
(0.0319182 0.043998 0.29)
(0.0319086 0.0491336 0.29)
(0.0318978 0.0549389 0.29)
(0.0318855 0.0615013 0.29)
(0.0318716 0.0689195 0.29)
(0.031856 0.0773052 0.29)
(0.0318382 0.0867845 0.29)
(0.0366049 0.00734415 0.29)
(0.0366042 0.00761316 0.29)
(0.0366034 0.00791726 0.29)
(0.0366025 0.00826102 0.29)
(0.0366014 0.00864961 0.29)
(0.0366003 0.00908888 0.29)
(0.0365989 0.00958544 0.29)
(0.0365974 0.0101468 0.29)
(0.0365957 0.0107813 0.29)
(0.0365938 0.0114985 0.29)
(0.0365916 0.0123093 0.29)
(0.0365892 0.0132259 0.29)
(0.0365864 0.014262 0.29)
(0.0365833 0.0154332 0.29)
(0.0365797 0.0167571 0.29)
(0.0365757 0.0182537 0.29)
(0.0365712 0.0199455 0.29)
(0.0365661 0.0218579 0.29)
(0.0365603 0.0240197 0.29)
(0.0365538 0.0264634 0.29)
(0.0365464 0.0292259 0.29)
(0.036538 0.0323486 0.29)
(0.0365286 0.0358785 0.29)
(0.0365179 0.0398688 0.29)
(0.0365058 0.0443795 0.29)
(0.0364922 0.0494784 0.29)
(0.0364767 0.0552424 0.29)
(0.0364593 0.061758 0.29)
(0.0364396 0.0691233 0.29)
(0.0364173 0.0774492 0.29)
(0.0363921 0.0868609 0.29)
(0.0412479 0.00776428 0.29)
(0.0412469 0.00803204 0.29)
(0.0412457 0.00833472 0.29)
(0.0412445 0.00867688 0.29)
(0.041243 0.00906366 0.29)
(0.0412413 0.00950088 0.29)
(0.0412395 0.00999512 0.29)
(0.0412374 0.0105538 0.29)
(0.041235 0.0111854 0.29)
(0.0412323 0.0118993 0.29)
(0.0412292 0.0127063 0.29)
(0.0412258 0.0136186 0.29)
(0.0412219 0.0146499 0.29)
(0.0412175 0.0158156 0.29)
(0.0412125 0.0171334 0.29)
(0.0412069 0.018623 0.29)
(0.0412005 0.0203069 0.29)
(0.0411934 0.0222104 0.29)
(0.0411852 0.0243621 0.29)
(0.0411761 0.0267945 0.29)
(0.0411657 0.029544 0.29)
(0.0411539 0.0326522 0.29)
(0.0411407 0.0361657 0.29)
(0.0411257 0.0401374 0.29)
(0.0411087 0.044627 0.29)
(0.0410896 0.0497022 0.29)
(0.0410679 0.0554393 0.29)
(0.0410434 0.0619245 0.29)
(0.0410157 0.0692555 0.29)
(0.0409844 0.0775426 0.29)
(0.0409491 0.0869105 0.29)
(0.0459076 0.00789888 0.29)
(0.0459063 0.00816624 0.29)
(0.0459048 0.00846847 0.29)
(0.045903 0.00881011 0.29)
(0.0459011 0.00919631 0.29)
(0.0458989 0.00963288 0.29)
(0.0458964 0.0101264 0.29)
(0.0458936 0.0106842 0.29)
(0.0458904 0.0113148 0.29)
(0.0458868 0.0120277 0.29)
(0.0458827 0.0128335 0.29)
(0.0458781 0.0137444 0.29)
(0.0458729 0.0147741 0.29)
(0.045867 0.0159381 0.29)
(0.0458603 0.0172539 0.29)
(0.0458528 0.0187413 0.29)
(0.0458443 0.0204227 0.29)
(0.0458347 0.0223233 0.29)
(0.0458238 0.0244718 0.29)
(0.0458116 0.0269005 0.29)
(0.0457977 0.029646 0.29)
(0.045782 0.0327494 0.29)
(0.0457642 0.0362577 0.29)
(0.0457442 0.0402234 0.29)
(0.0457215 0.0447063 0.29)
(0.0456959 0.0497739 0.29)
(0.0456669 0.0555024 0.29)
(0.0456342 0.0619779 0.29)
(0.0455972 0.0692979 0.29)
(0.0455553 0.0775726 0.29)
(0.045508 0.0869264 0.29)
(0.0505643 0.00769035 0.29)
(0.0505626 0.00795833 0.29)
(0.0505607 0.00826126 0.29)
(0.0505585 0.0086037 0.29)
(0.0505561 0.0089908 0.29)
(0.0505534 0.00942838 0.29)
(0.0505502 0.00992303 0.29)
(0.0505467 0.0104822 0.29)
(0.0505428 0.0111143 0.29)
(0.0505383 0.0118288 0.29)
(0.0505332 0.0126365 0.29)
(0.0505275 0.0135495 0.29)
(0.050521 0.0145816 0.29)
(0.0505136 0.0157483 0.29)
(0.0505054 0.0170672 0.29)
(0.050496 0.018558 0.29)
(0.0504854 0.0202433 0.29)
(0.0504734 0.0221483 0.29)
(0.0504599 0.0243019 0.29)
(0.0504446 0.0267362 0.29)
(0.0504273 0.029488 0.29)
(0.0504078 0.0325988 0.29)
(0.0503857 0.0361151 0.29)
(0.0503607 0.0400901 0.29)
(0.0503325 0.0445835 0.29)
(0.0503006 0.0496628 0.29)
(0.0502645 0.0554046 0.29)
(0.0502237 0.0618952 0.29)
(0.0501776 0.0692323 0.29)
(0.0501255 0.0775262 0.29)
(0.0500666 0.0869017 0.29)
(0.0551751 0.00701378 0.29)
(0.0551732 0.00728379 0.29)
(0.0551711 0.007589 0.29)
(0.0551687 0.00793402 0.29)
(0.055166 0.00832404 0.29)
(0.0551629 0.00876491 0.29)
(0.0551594 0.00926329 0.29)
(0.0551555 0.00982666 0.29)
(0.0551511 0.0104635 0.29)
(0.0551461 0.0111834 0.29)
(0.0551404 0.0119972 0.29)
(0.055134 0.0129171 0.29)
(0.0551268 0.013957 0.29)
(0.0551186 0.0151324 0.29)
(0.0551094 0.0164612 0.29)
(0.0550989 0.0179633 0.29)
(0.0550871 0.0196613 0.29)
(0.0550737 0.0215807 0.29)
(0.0550586 0.0237504 0.29)
(0.0550416 0.0262031 0.29)
(0.0550223 0.0289757 0.29)
(0.0550005 0.0321098 0.29)
(0.0549758 0.0356527 0.29)
(0.0549479 0.0396576 0.29)
(0.0549164 0.0441848 0.29)
(0.0548808 0.0493025 0.29)
(0.0548406 0.0550875 0.29)
(0.0547951 0.061627 0.29)
(0.0547436 0.0690193 0.29)
(0.0546855 0.0773757 0.29)
(0.0546198 0.0868219 0.29)
(0.0597028 0.00590709 0.29)
(0.0597009 0.0061804 0.29)
(0.0596989 0.00648934 0.29)
(0.0596965 0.00683858 0.29)
(0.0596939 0.00723337 0.29)
(0.0596909 0.00767964 0.29)
(0.0596875 0.00818411 0.29)
(0.0596837 0.00875437 0.29)
(0.0596794 0.009399 0.29)
(0.0596746 0.0101277 0.29)
(0.0596691 0.0109514 0.29)
(0.0596628 0.0118826 0.29)
(0.0596558 0.0129352 0.29)
(0.0596479 0.014125 0.29)
(0.0596389 0.0154701 0.29)
(0.0596287 0.0169905 0.29)
(0.0596172 0.0187093 0.29)
(0.0596043 0.0206522 0.29)
(0.0595896 0.0228484 0.29)
(0.059573 0.0253311 0.29)
(0.0595543 0.0281376 0.29)
(0.0595331 0.0313101 0.29)
(0.0595091 0.0348963 0.29)
(0.059482 0.0389502 0.29)
(0.0594514 0.0435328 0.29)
(0.0594168 0.048713 0.29)
(0.0593777 0.0545688 0.29)
(0.0593335 0.0611883 0.29)
(0.0592835 0.068671 0.29)
(0.059227 0.0771296 0.29)
(0.0591631 0.0866913 0.29)
(0.0641444 0.00449271 0.29)
(0.0641429 0.00477024 0.29)
(0.0641412 0.00508395 0.29)
(0.0641392 0.00543859 0.29)
(0.064137 0.00583947 0.29)
(0.0641346 0.00629263 0.29)
(0.0641318 0.00680489 0.29)
(0.0641286 0.00738396 0.29)
(0.064125 0.00803854 0.29)
(0.064121 0.00877849 0.29)
(0.0641164 0.00961494 0.29)
(0.0641112 0.0105605 0.29)
(0.0641054 0.0116293 0.29)
(0.0640988 0.0128376 0.29)
(0.0640913 0.0142034 0.29)
(0.0640829 0.0157473 0.29)
(0.0640734 0.0174926 0.29)
(0.0640626 0.0194655 0.29)
(0.0640504 0.0216957 0.29)
(0.0640367 0.0242167 0.29)
(0.0640211 0.0270665 0.29)
(0.0640035 0.030288 0.29)
(0.0639836 0.0339296 0.29)
(0.0639611 0.0380461 0.29)
(0.0639357 0.0426994 0.29)
(0.063907 0.0479596 0.29)
(0.0638745 0.0539058 0.29)
(0.0638378 0.0606275 0.29)
(0.0637963 0.0682258 0.29)
(0.0637493 0.076815 0.29)
(0.0636963 0.0865244 0.29)
(0.0685162 0.00287492 0.29)
(0.0685152 0.00315727 0.29)
(0.0685141 0.00347645 0.29)
(0.0685128 0.00383725 0.29)
(0.0685114 0.0042451 0.29)
(0.0685098 0.00470615 0.29)
(0.0685079 0.00522732 0.29)
(0.0685058 0.00581646 0.29)
(0.0685035 0.00648243 0.29)
(0.0685008 0.00723525 0.29)
(0.0684978 0.00808625 0.29)
(0.0684944 0.00904823 0.29)
(0.0684906 0.0101357 0.29)
(0.0684862 0.0113649 0.29)
(0.0684813 0.0127545 0.29)
(0.0684758 0.0143253 0.29)
(0.0684695 0.0161009 0.29)
(0.0684624 0.0181081 0.29)
(0.0684544 0.0203771 0.29)
(0.0684453 0.022942 0.29)
(0.0684351 0.0258414 0.29)
(0.0684235 0.0291189 0.29)
(0.0684104 0.0328238 0.29)
(0.0683956 0.0370119 0.29)
(0.0683789 0.0417462 0.29)
(0.0683599 0.0470979 0.29)
(0.0683386 0.0531476 0.29)
(0.0683144 0.0599862 0.29)
(0.0682871 0.0677166 0.29)
(0.0682562 0.0764552 0.29)
(0.0682213 0.0863335 0.29)
(0.0728438 0.00114186 0.29)
(0.0728434 0.00142939 0.29)
(0.072843 0.00175441 0.29)
(0.0728426 0.00212182 0.29)
(0.0728421 0.00253714 0.29)
(0.0728415 0.00300663 0.29)
(0.0728409 0.00353734 0.29)
(0.0728402 0.00413727 0.29)
(0.0728393 0.00481544 0.29)
(0.0728384 0.00558205 0.29)
(0.0728374 0.00644864 0.29)
(0.0728362 0.00742824 0.29)
(0.0728348 0.00853559 0.29)
(0.0728333 0.00978736 0.29)
(0.0728316 0.0112024 0.29)
(0.0728297 0.0128019 0.29)
(0.0728275 0.0146101 0.29)
(0.072825 0.0166541 0.29)
(0.0728222 0.0189646 0.29)
(0.0728191 0.0215765 0.29)
(0.0728155 0.0245289 0.29)
(0.0728115 0.0278665 0.29)
(0.0728069 0.0316393 0.29)
(0.0728017 0.0359041 0.29)
(0.0727959 0.0407251 0.29)
(0.0727893 0.0461748 0.29)
(0.0727819 0.0523352 0.29)
(0.0727735 0.0592991 0.29)
(0.0727639 0.0671711 0.29)
(0.0727532 0.0760698 0.29)
(0.072741 0.086129 0.29)
(0.0771562 -0.000628484 0.29)
(0.0771566 -0.000335677 0.29)
(0.077157 -4.68477e-06 0.29)
(0.0771574 0.000369474 0.29)
(0.0771579 0.000792428 0.29)
(0.0771585 0.00127054 0.29)
(0.0771591 0.00181101 0.29)
(0.0771598 0.00242196 0.29)
(0.0771607 0.00311259 0.29)
(0.0771616 0.00389328 0.29)
(0.0771626 0.00477579 0.29)
(0.0771638 0.00577339 0.29)
(0.0771652 0.00690109 0.29)
(0.0771667 0.00817586 0.29)
(0.0771684 0.00961687 0.29)
(0.0771703 0.0112458 0.29)
(0.0771725 0.0130872 0.29)
(0.077175 0.0151687 0.29)
(0.0771778 0.0175217 0.29)
(0.0771809 0.0201815 0.29)
(0.0771845 0.0231883 0.29)
(0.0771885 0.0265871 0.29)
(0.0771931 0.0304292 0.29)
(0.0771983 0.0347724 0.29)
(0.0772041 0.039682 0.29)
(0.0772107 0.0452318 0.29)
(0.0772181 0.0515054 0.29)
(0.0772265 0.0585972 0.29)
(0.0772361 0.0666139 0.29)
(0.0772468 0.0756761 0.29)
(0.077259 0.0859201 0.29)
(0.0814838 -0.00236154 0.29)
(0.0814848 -0.00206356 0.29)
(0.0814859 -0.00172673 0.29)
(0.0814872 -0.00134596 0.29)
(0.0814886 -0.000915535 0.29)
(0.0814902 -0.000428978 0.29)
(0.0814921 0.000121034 0.29)
(0.0814942 0.000742774 0.29)
(0.0814965 0.0014456 0.29)
(0.0814992 0.00224008 0.29)
(0.0815022 0.00313818 0.29)
(0.0815056 0.00415339 0.29)
(0.0815094 0.00530101 0.29)
(0.0815138 0.00659829 0.29)
(0.0815187 0.00806476 0.29)
(0.0815242 0.00972247 0.29)
(0.0815305 0.0115964 0.29)
(0.0815376 0.0137147 0.29)
(0.0815456 0.0161092 0.29)
(0.0815547 0.018816 0.29)
(0.0815649 0.0218758 0.29)
(0.0815765 0.0253347 0.29)
(0.0815896 0.0292447 0.29)
(0.0816044 0.0336645 0.29)
(0.0816211 0.0386608 0.29)
(0.0816401 0.0443087 0.29)
(0.0816614 0.0506931 0.29)
(0.0816856 0.0579102 0.29)
(0.0817129 0.0660684 0.29)
(0.0817438 0.0752906 0.29)
(0.0817787 0.0857155 0.29)
(0.0858556 -0.00397933 0.29)
(0.0858571 -0.00367653 0.29)
(0.0858588 -0.00333423 0.29)
(0.0858608 -0.0029473 0.29)
(0.085863 -0.0025099 0.29)
(0.0858654 -0.00201546 0.29)
(0.0858682 -0.00145654 0.29)
(0.0858714 -0.000824724 0.29)
(0.085875 -0.000110513 0.29)
(0.085879 0.00069684 0.29)
(0.0858836 0.00160948 0.29)
(0.0858888 0.00264115 0.29)
(0.0858946 0.00380736 0.29)
(0.0859012 0.00512566 0.29)
(0.0859087 0.00661588 0.29)
(0.0859171 0.00830045 0.29)
(0.0859266 0.0102047 0.29)
(0.0859374 0.0123573 0.29)
(0.0859496 0.0147906 0.29)
(0.0859633 0.0175413 0.29)
(0.0859789 0.0206507 0.29)
(0.0859965 0.0241656 0.29)
(0.0860164 0.0281389 0.29)
(0.0860389 0.0326304 0.29)
(0.0860643 0.0377076 0.29)
(0.086093 0.043447 0.29)
(0.0861255 0.0499348 0.29)
(0.0861622 0.0572688 0.29)
(0.0862037 0.0655592 0.29)
(0.0862507 0.0749308 0.29)
(0.0863037 0.0855246 0.29)
(0.0902972 -0.00539371 0.29)
(0.0902991 -0.00508669 0.29)
(0.0903011 -0.00473962 0.29)
(0.0903035 -0.00434729 0.29)
(0.0903061 -0.0039038 0.29)
(0.0903091 -0.00340247 0.29)
(0.0903125 -0.00283575 0.29)
(0.0903163 -0.00219514 0.29)
(0.0903206 -0.00147097 0.29)
(0.0903254 -0.000652365 0.29)
(0.0903309 0.000272998 0.29)
(0.0903372 0.00131904 0.29)
(0.0903442 0.0025015 0.29)
(0.0903521 0.00383818 0.29)
(0.0903611 0.00534917 0.29)
(0.0903713 0.00705722 0.29)
(0.0903828 0.00898802 0.29)
(0.0903957 0.0111706 0.29)
(0.0904104 0.0136379 0.29)
(0.090427 0.0164269 0.29)
(0.0904457 0.0195796 0.29)
(0.0904669 0.0231435 0.29)
(0.0904909 0.0271722 0.29)
(0.090518 0.0317263 0.29)
(0.0905486 0.0368743 0.29)
(0.0905832 0.0426936 0.29)
(0.0906223 0.0492719 0.29)
(0.0906665 0.0567081 0.29)
(0.0907165 0.0651141 0.29)
(0.090773 0.0746163 0.29)
(0.0908369 0.0853577 0.29)
(0.0948249 -0.00650041 0.29)
(0.0948268 -0.00619008 0.29)
(0.0948289 -0.00583928 0.29)
(0.0948313 -0.00544273 0.29)
(0.094834 -0.00499447 0.29)
(0.0948371 -0.00448774 0.29)
(0.0948406 -0.00391494 0.29)
(0.0948445 -0.00326743 0.29)
(0.0948489 -0.00253547 0.29)
(0.0948539 -0.00170806 0.29)
(0.0948596 -0.000772746 0.29)
(0.094866 0.000284549 0.29)
(0.0948732 0.00147973 0.29)
(0.0948814 0.00283078 0.29)
(0.0948906 0.00435802 0.29)
(0.0949011 0.00608444 0.29)
(0.0949129 0.00803601 0.29)
(0.0949263 0.0102421 0.29)
(0.0949414 0.0127359 0.29)
(0.0949584 0.0155549 0.29)
(0.0949777 0.0187415 0.29)
(0.0949995 0.0223438 0.29)
(0.0950242 0.0264158 0.29)
(0.0950521 0.0310188 0.29)
(0.0950836 0.0362222 0.29)
(0.0951192 0.0421041 0.29)
(0.0951594 0.0487532 0.29)
(0.0952049 0.0562693 0.29)
(0.0952564 0.0647657 0.29)
(0.0953145 0.0743701 0.29)
(0.0953802 0.0852271 0.29)
(0.0994357 -0.00717697 0.29)
(0.0994374 -0.00686462 0.29)
(0.0994393 -0.00651154 0.29)
(0.0994415 -0.00611241 0.29)
(0.0994439 -0.00566123 0.29)
(0.0994466 -0.00515121 0.29)
(0.0994498 -0.00457468 0.29)
(0.0994533 -0.00392296 0.29)
(0.0994572 -0.00318624 0.29)
(0.0994617 -0.00235345 0.29)
(0.0994668 -0.00141205 0.29)
(0.0994725 -0.000347875 0.29)
(0.099479 0.000855081 0.29)
(0.0994864 0.00221492 0.29)
(0.0994946 0.0037521 0.29)
(0.099504 0.00548975 0.29)
(0.0995146 0.00745401 0.29)
(0.0995266 0.00967444 0.29)
(0.0995401 0.0121845 0.29)
(0.0995554 0.0150218 0.29)
(0.0995727 0.0182292 0.29)
(0.0995922 0.0218548 0.29)
(0.0996143 0.0259533 0.29)
(0.0996393 0.0305863 0.29)
(0.0996675 0.0358235 0.29)
(0.0996994 0.0417438 0.29)
(0.0997355 0.0484361 0.29)
(0.0997763 0.0560011 0.29)
(0.0998224 0.0645528 0.29)
(0.0998745 0.0742197 0.29)
(0.0999334 0.0851473 0.29)
(0.104092 -0.0073855 0.29)
(0.104094 -0.00707253 0.29)
(0.104095 -0.00671875 0.29)
(0.104097 -0.00631882 0.29)
(0.104099 -0.00586674 0.29)
(0.104101 -0.00535571 0.29)
(0.104104 -0.00477803 0.29)
(0.104106 -0.00412501 0.29)
(0.10411 -0.00338682 0.29)
(0.104113 -0.00255237 0.29)
(0.104117 -0.00160909 0.29)
(0.104122 -0.000542802 0.29)
(0.104127 0.000662551 0.29)
(0.104133 0.0020251 0.29)
(0.10414 0.00356534 0.29)
(0.104147 0.00530645 0.29)
(0.104156 0.00727463 0.29)
(0.104165 0.00949948 0.29)
(0.104176 0.0120145 0.29)
(0.104188 0.0148575 0.29)
(0.104202 0.0180713 0.29)
(0.104218 0.0217041 0.29)
(0.104236 0.0258108 0.29)
(0.104256 0.030453 0.29)
(0.104278 0.0357007 0.29)
(0.104304 0.0416327 0.29)
(0.104333 0.0483383 0.29)
(0.104366 0.0559184 0.29)
(0.104403 0.0644871 0.29)
(0.104445 0.0741733 0.29)
(0.104492 0.0851227 0.29)
(0.108752 -0.0072509 0.29)
(0.108753 -0.00693833 0.29)
(0.108754 -0.006585 0.29)
(0.108756 -0.00618559 0.29)
(0.108757 -0.00573409 0.29)
(0.108759 -0.00522371 0.29)
(0.108761 -0.00464677 0.29)
(0.108763 -0.00399459 0.29)
(0.108765 -0.00325735 0.29)
(0.108768 -0.00242397 0.29)
(0.108771 -0.00148191 0.29)
(0.108774 -0.000416983 0.29)
(0.108778 0.000786823 0.29)
(0.108782 0.00214762 0.29)
(0.108787 0.00368589 0.29)
(0.108793 0.00542476 0.29)
(0.108799 0.00739042 0.29)
(0.108807 0.00961241 0.29)
(0.108815 0.0121242 0.29)
(0.108824 0.0149635 0.29)
(0.108834 0.0181732 0.29)
(0.108846 0.0218014 0.29)
(0.108859 0.0259028 0.29)
(0.108874 0.0305391 0.29)
(0.108891 0.03578 0.29)
(0.10891 0.0417044 0.29)
(0.108932 0.0484014 0.29)
(0.108957 0.0559718 0.29)
(0.108984 0.0645295 0.29)
(0.109016 0.0742032 0.29)
(0.109051 0.0851386 0.29)
(0.113395 -0.00683077 0.29)
(0.113396 -0.00651945 0.29)
(0.113397 -0.00616754 0.29)
(0.113398 -0.00576973 0.29)
(0.113399 -0.00532005 0.29)
(0.1134 -0.00481171 0.29)
(0.113401 -0.00423709 0.29)
(0.113403 -0.00358752 0.29)
(0.113404 -0.00285324 0.29)
(0.113406 -0.0020232 0.29)
(0.113408 -0.00108491 0.29)
(0.113411 -2.42604e-05 0.29)
(0.113414 0.00117472 0.29)
(0.113417 0.00253006 0.29)
(0.11342 0.00406215 0.29)
(0.113424 0.00579406 0.29)
(0.113429 0.00775182 0.29)
(0.113434 0.00996491 0.29)
(0.11344 0.0124666 0.29)
(0.113446 0.0152946 0.29)
(0.113454 0.0184913 0.29)
(0.113462 0.022105 0.29)
(0.113471 0.02619 0.29)
(0.113482 0.0308076 0.29)
(0.113494 0.0360275 0.29)
(0.113508 0.0419282 0.29)
(0.113523 0.0485983 0.29)
(0.113541 0.0561384 0.29)
(0.11356 0.0646617 0.29)
(0.113583 0.0742967 0.29)
(0.113608 0.0851881 0.29)
(0.118012 -0.00618333 0.29)
(0.118012 -0.00587394 0.29)
(0.118013 -0.00552422 0.29)
(0.118014 -0.00512888 0.29)
(0.118014 -0.00468198 0.29)
(0.118015 -0.0041768 0.29)
(0.118016 -0.00360574 0.29)
(0.118017 -0.0029602 0.29)
(0.118018 -0.00223048 0.29)
(0.11802 -0.00140559 0.29)
(0.118021 -0.00047313 0.29)
(0.118023 0.000580941 0.29)
(0.118025 0.00177248 0.29)
(0.118027 0.00311941 0.29)
(0.11803 0.004642 0.29)
(0.118033 0.00636315 0.29)
(0.118036 0.00830877 0.29)
(0.118039 0.0105081 0.29)
(0.118043 0.0129943 0.29)
(0.118048 0.0158047 0.29)
(0.118053 0.0189816 0.29)
(0.118059 0.0225729 0.29)
(0.118066 0.0266325 0.29)
(0.118073 0.0312215 0.29)
(0.118082 0.036409 0.29)
(0.118091 0.042273 0.29)
(0.118102 0.0489018 0.29)
(0.118114 0.056395 0.29)
(0.118128 0.0648655 0.29)
(0.118144 0.0744407 0.29)
(0.118162 0.0852645 0.29)
(0.122602 -0.00536522 0.29)
(0.122602 -0.00505828 0.29)
(0.122603 -0.00471131 0.29)
(0.122603 -0.00431909 0.29)
(0.122604 -0.00387572 0.29)
(0.122604 -0.00337453 0.29)
(0.122605 -0.00280797 0.29)
(0.122606 -0.00216753 0.29)
(0.122607 -0.00144357 0.29)
(0.122608 -0.000625188 0.29)
(0.122609 0.00029992 0.29)
(0.12261 0.00134567 0.29)
(0.122611 0.00252781 0.29)
(0.122613 0.00386411 0.29)
(0.122615 0.00537469 0.29)
(0.122617 0.00708226 0.29)
(0.122619 0.00901253 0.29)
(0.122622 0.0111945 0.29)
(0.122625 0.0136611 0.29)
(0.122628 0.0164493 0.29)
(0.122632 0.0196012 0.29)
(0.122637 0.0231641 0.29)
(0.122642 0.0271917 0.29)
(0.122647 0.0317445 0.29)
(0.122653 0.036891 0.29)
(0.12266 0.0427088 0.29)
(0.122668 0.0492853 0.29)
(0.122678 0.0567194 0.29)
(0.122688 0.065123 0.29)
(0.122699 0.0746226 0.29)
(0.122712 0.0853611 0.29)
(0.127169 -0.00443014 0.29)
(0.12717 -0.00412599 0.29)
(0.12717 -0.00378218 0.29)
(0.12717 -0.00339352 0.29)
(0.127171 -0.00295418 0.29)
(0.127171 -0.00245755 0.29)
(0.127172 -0.00189614 0.29)
(0.127173 -0.00126152 0.29)
(0.127173 -0.000544138 0.29)
(0.127174 0.000266802 0.29)
(0.127175 0.0011835 0.29)
(0.127176 0.00221975 0.29)
(0.127177 0.00339114 0.29)
(0.127179 0.00471529 0.29)
(0.12718 0.00621213 0.29)
(0.127182 0.00790419 0.29)
(0.127184 0.00981691 0.29)
(0.127186 0.0119791 0.29)
(0.127188 0.0144232 0.29)
(0.127191 0.0171861 0.29)
(0.127194 0.0203093 0.29)
(0.127198 0.0238398 0.29)
(0.127202 0.0278308 0.29)
(0.127207 0.0323422 0.29)
(0.127212 0.037442 0.29)
(0.127218 0.0432069 0.29)
(0.127224 0.0497235 0.29)
(0.127232 0.0570901 0.29)
(0.12724 0.0654173 0.29)
(0.12725 0.0748306 0.29)
(0.127261 0.0854714 0.29)
(0.131723 -0.00342895 0.29)
(0.131723 -0.00312778 0.29)
(0.131723 -0.00278734 0.29)
(0.131724 -0.00240251 0.29)
(0.131724 -0.00196748 0.29)
(0.131725 -0.00147572 0.29)
(0.131725 -0.000919833 0.29)
(0.131726 -0.000291447 0.29)
(0.131727 0.00041889 0.29)
(0.131727 0.00122186 0.29)
(0.131728 0.00212956 0.29)
(0.131729 0.00315563 0.29)
(0.13173 0.00431551 0.29)
(0.131731 0.00562666 0.29)
(0.131733 0.0071088 0.29)
(0.131734 0.00878423 0.29)
(0.131736 0.0106782 0.29)
(0.131738 0.0128191 0.29)
(0.131741 0.0152392 0.29)
(0.131743 0.017975 0.29)
(0.131746 0.0210675 0.29)
(0.131749 0.0245634 0.29)
(0.131753 0.0285151 0.29)
(0.131757 0.0329822 0.29)
(0.131762 0.0380319 0.29)
(0.131767 0.0437401 0.29)
(0.131774 0.0501928 0.29)
(0.13178 0.057487 0.29)
(0.131788 0.0657325 0.29)
(0.131797 0.0750532 0.29)
(0.131807 0.0855896 0.29)
(0.136273 -0.00241061 0.29)
(0.136273 -0.00211248 0.29)
(0.136273 -0.00177548 0.29)
(0.136274 -0.00139452 0.29)
(0.136274 -0.000963888 0.29)
(0.136274 -0.000477091 0.29)
(0.136275 7.31904e-05 0.29)
(0.136275 0.000695236 0.29)
(0.136276 0.00139841 0.29)
(0.136277 0.00219328 0.29)
(0.136278 0.00309181 0.29)
(0.136279 0.00410753 0.29)
(0.13628 0.00525571 0.29)
(0.136281 0.00655363 0.29)
(0.136282 0.00802082 0.29)
(0.136284 0.00967934 0.29)
(0.136285 0.0115542 0.29)
(0.136287 0.0136735 0.29)
(0.136289 0.0160692 0.29)
(0.136292 0.0187774 0.29)
(0.136295 0.0218387 0.29)
(0.136298 0.0252993 0.29)
(0.136301 0.0292111 0.29)
(0.136305 0.0336332 0.29)
(0.13631 0.0386319 0.29)
(0.136315 0.0442826 0.29)
(0.136321 0.0506701 0.29)
(0.136328 0.0578907 0.29)
(0.136335 0.066053 0.29)
(0.136343 0.0752797 0.29)
(0.136353 0.0857097 0.29)
(0.140829 -0.00142359 0.29)
(0.140829 -0.00112841 0.29)
(0.14083 -0.000794733 0.29)
(0.14083 -0.000417543 0.29)
(0.14083 8.83882e-06 0.29)
(0.140831 0.000490826 0.29)
(0.140831 0.00103567 0.29)
(0.140832 0.00165157 0.29)
(0.140832 0.0023478 0.29)
(0.140833 0.00313482 0.29)
(0.140834 0.00402447 0.29)
(0.140834 0.00503016 0.29)
(0.140835 0.006167 0.29)
(0.140836 0.00745209 0.29)
(0.140838 0.00890478 0.29)
(0.140839 0.0105469 0.29)
(0.14084 0.0124032 0.29)
(0.140842 0.0145016 0.29)
(0.140844 0.0168737 0.29)
(0.140846 0.0195551 0.29)
(0.140849 0.0225862 0.29)
(0.140851 0.0260125 0.29)
(0.140854 0.0298858 0.29)
(0.140858 0.0342641 0.29)
(0.140862 0.0392135 0.29)
(0.140867 0.0448083 0.29)
(0.140872 0.0511328 0.29)
(0.140877 0.058282 0.29)
(0.140884 0.0663637 0.29)
(0.140891 0.0754992 0.29)
(0.1409 0.0858262 0.29)
(0.145403 -0.000517285 0.29)
(0.145403 -0.00022481 0.29)
(0.145403 0.000105807 0.29)
(0.145403 0.000479542 0.29)
(0.145403 0.000902017 0.29)
(0.145404 0.00137959 0.29)
(0.145404 0.00191944 0.29)
(0.145404 0.0025297 0.29)
(0.145405 0.00321955 0.29)
(0.145405 0.00399936 0.29)
(0.145405 0.00488086 0.29)
(0.145406 0.00587733 0.29)
(0.145407 0.00700375 0.29)
(0.145407 0.00827708 0.29)
(0.145408 0.00971646 0.29)
(0.145409 0.0113436 0.29)
(0.14541 0.0131829 0.29)
(0.145411 0.015262 0.29)
(0.145412 0.0176123 0.29)
(0.145414 0.0202692 0.29)
(0.145415 0.0232725 0.29)
(0.145417 0.0266675 0.29)
(0.145419 0.0305052 0.29)
(0.145421 0.0348435 0.29)
(0.145424 0.0397475 0.29)
(0.145427 0.045291 0.29)
(0.14543 0.0515576 0.29)
(0.145434 0.0586413 0.29)
(0.145438 0.0666489 0.29)
(0.145443 0.0757008 0.29)
(0.145448 0.0859332 0.29)
)


// ************************************************************************* //
