/*--------------------------------*- C++ -*----------------------------------*\
  =========                 |
  \\      /  F ield         | OpenFOAM: The Open Source CFD Toolbox
   \\    /   O peration     | Website:  https://openfoam.org
    \\  /    A nd           | Version:  7
     \\/     M anipulation  |
\*---------------------------------------------------------------------------*/
FoamFile
{
    version     2.0;
    format      ascii;
    class       vectorField;
    location    "constant/polyMesh";
    object      points;
}
// * * * * * * * * * * * * * * * * * * * * * * * * * * * * * * * * * * * * * //


2244
(
(0 0 0)
(0.15 0 0)
(0.15 0.0975 0)
(0 0.0975 0)
(0 0 0.29)
(0.15 0 0.29)
(0.15 0.0975 0.29)
(0 0.0975 0.29)
(0.00459762 0.000776018 0)
(0.009171 0.00168471 0)
(0.0137276 0.00267434 0)
(0.0182774 0.00369536 0)
(0.0228309 0.0046992 0)
(0.0273985 0.00563675 0)
(0.0319885 0.00645702 0)
(0.0366056 0.00710617 0)
(0.0412488 0.00752741 0)
(0.0459088 0.00766236 0)
(0.0505658 0.00745328 0)
(0.0551768 0.00677493 0)
(0.0597044 0.00566532 0)
(0.0641457 0.0042472 0)
(0.0685171 0.00262514 0)
(0.0728441 0.00088751 0)
(0.0771559 -0.00088751 0)
(0.0814829 -0.00262514 0)
(0.0858543 -0.0042472 0)
(0.0902956 -0.00566532 0)
(0.0948232 -0.00677493 0)
(0.0994342 -0.00745328 0)
(0.104091 -0.00766236 0)
(0.108751 -0.00752741 0)
(0.113394 -0.00710617 0)
(0.118012 -0.00645702 0)
(0.122602 -0.00563675 0)
(0.127169 -0.0046992 0)
(0.131723 -0.00369536 0)
(0.136272 -0.00267434 0)
(0.140829 -0.00168471 0)
(0.145402 -0.000776018 0)
(0.15 0.000599974 0)
(0.15 0.00125367 0)
(0.15 0.00196589 0)
(0.15 0.00274188 0)
(0.15 0.00358736 0)
(0.15 0.00450853 0)
(0.15 0.00551219 0)
(0.15 0.0066057 0)
(0.15 0.00779713 0)
(0.15 0.00909523 0)
(0.15 0.0105096 0)
(0.15 0.0120505 0)
(0.15 0.0137295 0)
(0.15 0.0155587 0)
(0.15 0.0175518 0)
(0.15 0.0197233 0)
(0.15 0.0220892 0)
(0.15 0.024667 0)
(0.15 0.0274756 0)
(0.15 0.0305356 0)
(0.15 0.0338697 0)
(0.15 0.0375022 0)
(0.15 0.04146 0)
(0.15 0.0457722 0)
(0.15 0.0504704 0)
(0.15 0.0555894 0)
(0.15 0.0611666 0)
(0.15 0.0672433 0)
(0.15 0.073864 0)
(0.15 0.0810775 0)
(0.15 0.0889369 0)
(0.145455 0.0975 0)
(0.140909 0.0975 0)
(0.136364 0.0975 0)
(0.131818 0.0975 0)
(0.127273 0.0975 0)
(0.122727 0.0975 0)
(0.118182 0.0975 0)
(0.113636 0.0975 0)
(0.109091 0.0975 0)
(0.104545 0.0975 0)
(0.1 0.0975 0)
(0.0954545 0.0975 0)
(0.0909091 0.0975 0)
(0.0863636 0.0975 0)
(0.0818182 0.0975 0)
(0.0772727 0.0975 0)
(0.0727273 0.0975 0)
(0.0681818 0.0975 0)
(0.0636364 0.0975 0)
(0.0590909 0.0975 0)
(0.0545455 0.0975 0)
(0.05 0.0975 0)
(0.0454545 0.0975 0)
(0.0409091 0.0975 0)
(0.0363636 0.0975 0)
(0.0318182 0.0975 0)
(0.0272727 0.0975 0)
(0.0227273 0.0975 0)
(0.0181818 0.0975 0)
(0.0136364 0.0975 0)
(0.00909091 0.0975 0)
(0.00454545 0.0975 0)
(0 0.0889369 0)
(0 0.0810775 0)
(0 0.073864 0)
(0 0.0672433 0)
(0 0.0611666 0)
(0 0.0555894 0)
(0 0.0504704 0)
(0 0.0457722 0)
(0 0.04146 0)
(0 0.0375022 0)
(0 0.0338697 0)
(0 0.0305356 0)
(0 0.0274756 0)
(0 0.024667 0)
(0 0.0220892 0)
(0 0.0197233 0)
(0 0.0175518 0)
(0 0.0155587 0)
(0 0.0137295 0)
(0 0.0120505 0)
(0 0.0105096 0)
(0 0.00909523 0)
(0 0.00779713 0)
(0 0.0066057 0)
(0 0.00551219 0)
(0 0.00450853 0)
(0 0.00358736 0)
(0 0.00274188 0)
(0 0.00196589 0)
(0 0.00125367 0)
(0 0.000599974 0)
(0.00459762 0.000776018 0.29)
(0.009171 0.00168471 0.29)
(0.0137276 0.00267434 0.29)
(0.0182774 0.00369536 0.29)
(0.0228309 0.0046992 0.29)
(0.0273985 0.00563675 0.29)
(0.0319885 0.00645702 0.29)
(0.0366056 0.00710617 0.29)
(0.0412488 0.00752741 0.29)
(0.0459088 0.00766236 0.29)
(0.0505658 0.00745328 0.29)
(0.0551768 0.00677493 0.29)
(0.0597044 0.00566532 0.29)
(0.0641457 0.0042472 0.29)
(0.0685171 0.00262514 0.29)
(0.0728441 0.00088751 0.29)
(0.0771559 -0.00088751 0.29)
(0.0814829 -0.00262514 0.29)
(0.0858543 -0.0042472 0.29)
(0.0902956 -0.00566532 0.29)
(0.0948232 -0.00677493 0.29)
(0.0994342 -0.00745328 0.29)
(0.104091 -0.00766236 0.29)
(0.108751 -0.00752741 0.29)
(0.113394 -0.00710617 0.29)
(0.118012 -0.00645702 0.29)
(0.122602 -0.00563675 0.29)
(0.127169 -0.0046992 0.29)
(0.131723 -0.00369536 0.29)
(0.136272 -0.00267434 0.29)
(0.140829 -0.00168471 0.29)
(0.145402 -0.000776018 0.29)
(0.15 0.000599974 0.29)
(0.15 0.00125367 0.29)
(0.15 0.00196589 0.29)
(0.15 0.00274188 0.29)
(0.15 0.00358736 0.29)
(0.15 0.00450853 0.29)
(0.15 0.00551219 0.29)
(0.15 0.0066057 0.29)
(0.15 0.00779713 0.29)
(0.15 0.00909523 0.29)
(0.15 0.0105096 0.29)
(0.15 0.0120505 0.29)
(0.15 0.0137295 0.29)
(0.15 0.0155587 0.29)
(0.15 0.0175518 0.29)
(0.15 0.0197233 0.29)
(0.15 0.0220892 0.29)
(0.15 0.024667 0.29)
(0.15 0.0274756 0.29)
(0.15 0.0305356 0.29)
(0.15 0.0338697 0.29)
(0.15 0.0375022 0.29)
(0.15 0.04146 0.29)
(0.15 0.0457722 0.29)
(0.15 0.0504704 0.29)
(0.15 0.0555894 0.29)
(0.15 0.0611666 0.29)
(0.15 0.0672433 0.29)
(0.15 0.073864 0.29)
(0.15 0.0810775 0.29)
(0.15 0.0889369 0.29)
(0.145455 0.0975 0.29)
(0.140909 0.0975 0.29)
(0.136364 0.0975 0.29)
(0.131818 0.0975 0.29)
(0.127273 0.0975 0.29)
(0.122727 0.0975 0.29)
(0.118182 0.0975 0.29)
(0.113636 0.0975 0.29)
(0.109091 0.0975 0.29)
(0.104545 0.0975 0.29)
(0.1 0.0975 0.29)
(0.0954545 0.0975 0.29)
(0.0909091 0.0975 0.29)
(0.0863636 0.0975 0.29)
(0.0818182 0.0975 0.29)
(0.0772727 0.0975 0.29)
(0.0727273 0.0975 0.29)
(0.0681818 0.0975 0.29)
(0.0636364 0.0975 0.29)
(0.0590909 0.0975 0.29)
(0.0545455 0.0975 0.29)
(0.05 0.0975 0.29)
(0.0454545 0.0975 0.29)
(0.0409091 0.0975 0.29)
(0.0363636 0.0975 0.29)
(0.0318182 0.0975 0.29)
(0.0272727 0.0975 0.29)
(0.0227273 0.0975 0.29)
(0.0181818 0.0975 0.29)
(0.0136364 0.0975 0.29)
(0.00909091 0.0975 0.29)
(0.00454545 0.0975 0.29)
(0 0.0889369 0.29)
(0 0.0810775 0.29)
(0 0.073864 0.29)
(0 0.0672433 0.29)
(0 0.0611666 0.29)
(0 0.0555894 0.29)
(0 0.0504704 0.29)
(0 0.0457722 0.29)
(0 0.04146 0.29)
(0 0.0375022 0.29)
(0 0.0338697 0.29)
(0 0.0305356 0.29)
(0 0.0274756 0.29)
(0 0.024667 0.29)
(0 0.0220892 0.29)
(0 0.0197233 0.29)
(0 0.0175518 0.29)
(0 0.0155587 0.29)
(0 0.0137295 0.29)
(0 0.0120505 0.29)
(0 0.0105096 0.29)
(0 0.00909523 0.29)
(0 0.00779713 0.29)
(0 0.0066057 0.29)
(0 0.00551219 0.29)
(0 0.00450853 0.29)
(0 0.00358736 0.29)
(0 0.00274188 0.29)
(0 0.00196589 0.29)
(0 0.00125367 0.29)
(0 0.000599974 0.29)
(0.0045973 0.00137122 0)
(0.00459695 0.00201971 0)
(0.00459657 0.00272626 0)
(0.00459615 0.00349608 0)
(0.0045957 0.00433482 0)
(0.00459521 0.00524867 0)
(0.00459467 0.00624433 0)
(0.00459409 0.00732915 0)
(0.00459345 0.00851109 0)
(0.00459275 0.00979886 0)
(0.004592 0.0112019 0)
(0.00459117 0.0127306 0)
(0.00459027 0.0143962 0)
(0.0045893 0.0162109 0)
(0.00458823 0.0181881 0)
(0.00458707 0.0203423 0)
(0.0045858 0.0226894 0)
(0.00458442 0.0252467 0)
(0.00458292 0.0280329 0)
(0.00458128 0.0310686 0)
(0.0045795 0.0343761 0)
(0.00457756 0.0379797 0)
(0.00457544 0.041906 0)
(0.00457313 0.0461839 0)
(0.00457062 0.0508448 0)
(0.00456788 0.055923 0)
(0.00456489 0.0614558 0)
(0.00456164 0.0674841 0)
(0.0045581 0.0740521 0)
(0.00455424 0.0812082 0)
(0.00455004 0.0890051 0)
(0.00917051 0.00227432 0)
(0.00916997 0.00291672 0)
(0.00916939 0.00361663 0)
(0.00916875 0.00437922 0)
(0.00916806 0.00521008 0)
(0.0091673 0.00611534 0)
(0.00916647 0.00710165 0)
(0.00916558 0.00817627 0)
(0.0091646 0.00934712 0)
(0.00916353 0.0106228 0)
(0.00916237 0.0120127 0)
(0.0091611 0.013527 0)
(0.00915972 0.015177 0)
(0.00915822 0.0169746 0)
(0.00915658 0.0189332 0)
(0.0091548 0.0210672 0)
(0.00915286 0.0233923 0)
(0.00915074 0.0259255 0)
(0.00914843 0.0286855 0)
(0.00914592 0.0316927 0)
(0.00914318 0.0349691 0)
(0.0091402 0.0385389 0)
(0.00913694 0.0424283 0)
(0.0091334 0.046666 0)
(0.00912954 0.0512831 0)
(0.00912534 0.0563136 0)
(0.00912076 0.0617945 0)
(0.00911576 0.0677661 0)
(0.00911033 0.0742724 0)
(0.0091044 0.0813613 0)
(0.00909794 0.0890849 0)
(0.0137271 0.00325785 0)
(0.0137265 0.00389362 0)
(0.0137258 0.0045863 0)
(0.0137251 0.00534101 0)
(0.0137243 0.0061633 0)
(0.0137234 0.0070592 0)
(0.0137225 0.00803533 0)
(0.0137215 0.00909885 0)
(0.0137203 0.0102576 0)
(0.0137191 0.0115201 0)
(0.0137178 0.0128956 0)
(0.0137164 0.0143943 0)
(0.0137148 0.0160272 0)
(0.0137131 0.0178063 0)
(0.0137112 0.0197447 0)
(0.0137092 0.0218566 0)
(0.013707 0.0241577 0)
(0.0137045 0.0266647 0)
(0.0137019 0.0293963 0)
(0.0136991 0.0323724 0)
(0.0136959 0.035615 0)
(0.0136925 0.0391479 0)
(0.0136888 0.0429971 0)
(0.0136848 0.047191 0)
(0.0136804 0.0517604 0)
(0.0136756 0.0567389 0)
(0.0136704 0.0621632 0)
(0.0136647 0.0680732 0)
(0.0136585 0.0745123 0)
(0.0136517 0.081528 0)
(0.0136444 0.0891718 0)
(0.0182768 0.0042726 0)
(0.0182761 0.00490152 0)
(0.0182754 0.00558675 0)
(0.0182747 0.00633333 0)
(0.0182738 0.00714676 0)
(0.0182729 0.00803302 0)
(0.018272 0.00899863 0)
(0.0182709 0.0100507 0)
(0.0182697 0.011197 0)
(0.0182685 0.0124459 0)
(0.0182671 0.0138066 0)
(0.0182656 0.0152892 0)
(0.0182639 0.0169045 0)
(0.0182621 0.0186644 0)
(0.0182602 0.0205819 0)
(0.018258 0.0226711 0)
(0.0182557 0.0249474 0)
(0.0182532 0.0274275 0)
(0.0182504 0.0301296 0)
(0.0182474 0.0330737 0)
(0.0182442 0.0362813 0)
(0.0182406 0.0397762 0)
(0.0182367 0.043584 0)
(0.0182325 0.0477327 0)
(0.0182279 0.0522529 0)
(0.0182229 0.0571778 0)
(0.0182174 0.0625437 0)
(0.0182115 0.06839 0)
(0.018205 0.0747598 0)
(0.0181979 0.0816999 0)
(0.0181902 0.0892615 0)
(0.0228303 0.00527026 0)
(0.0228296 0.00589245 0)
(0.0228288 0.00657035 0)
(0.022828 0.00730894 0)
(0.0228271 0.00811366 0)
(0.0228261 0.00899044 0)
(0.022825 0.00994572 0)
(0.0228239 0.0109865 0)
(0.0228226 0.0121205 0)
(0.0228212 0.0133561 0)
(0.0228197 0.0147022 0)
(0.0228181 0.0161689 0)
(0.0228163 0.017767 0)
(0.0228144 0.0195081 0)
(0.0228122 0.0214051 0)
(0.0228099 0.0234719 0)
(0.0228074 0.0257238 0)
(0.0228047 0.0281773 0)
(0.0228017 0.0308505 0)
(0.0227984 0.0337631 0)
(0.0227949 0.0369364 0)
(0.022791 0.0403939 0)
(0.0227868 0.044161 0)
(0.0227822 0.0482653 0)
(0.0227773 0.0527371 0)
(0.0227718 0.0576093 0)
(0.0227659 0.0629178 0)
(0.0227594 0.0687016 0)
(0.0227524 0.0750032 0)
(0.0227447 0.081869 0)
(0.0227364 0.0893496 0)
(0.0273977 0.00620204 0)
(0.0273969 0.00681794 0)
(0.0273959 0.00748899 0)
(0.0273949 0.00822012 0)
(0.0273939 0.00901671 0)
(0.0273927 0.00988463 0)
(0.0273914 0.0108303 0)
(0.02739 0.0118606 0)
(0.0273884 0.0129831 0)
(0.0273867 0.0142062 0)
(0.0273849 0.0155387 0)
(0.0273829 0.0169906 0)
(0.0273808 0.0185725 0)
(0.0273784 0.020296 0)
(0.0273758 0.0221738 0)
(0.027373 0.0242198 0)
(0.02737 0.0264489 0)
(0.0273667 0.0288777 0)
(0.027363 0.0315239 0)
(0.0273591 0.034407 0)
(0.0273548 0.0375483 0)
(0.0273501 0.0409709 0)
(0.027345 0.0446998 0)
(0.0273394 0.0487627 0)
(0.0273334 0.0531894 0)
(0.0273268 0.0580124 0)
(0.0273196 0.0632672 0)
(0.0273118 0.0689925 0)
(0.0273032 0.0752305 0)
(0.0272939 0.0820269 0)
(0.0272838 0.089432 0)
(0.0319874 0.00701726 0)
(0.0319863 0.00762766 0)
(0.031985 0.00829271 0)
(0.0319837 0.00901732 0)
(0.0319822 0.0098068 0)
(0.0319806 0.010667 0)
(0.0319788 0.0116042 0)
(0.0319769 0.0126253 0)
(0.0319748 0.0137378 0)
(0.0319726 0.0149499 0)
(0.0319701 0.0162706 0)
(0.0319674 0.0177095 0)
(0.0319645 0.0192772 0)
(0.0319613 0.0209854 0)
(0.0319578 0.0228464 0)
(0.031954 0.0248741 0)
(0.0319499 0.0270834 0)
(0.0319454 0.0294904 0)
(0.0319405 0.032113 0)
(0.0319351 0.0349704 0)
(0.0319293 0.0380836 0)
(0.031923 0.0414756 0)
(0.0319161 0.0451713 0)
(0.0319085 0.0491979 0)
(0.0319003 0.053585 0)
(0.0318914 0.0583649 0)
(0.0318816 0.0635729 0)
(0.031871 0.0692471 0)
(0.0318595 0.0754293 0)
(0.0318469 0.0821651 0)
(0.0318331 0.089504 0)
(0.0366041 0.00766241 0)
(0.0366025 0.00826846 0)
(0.0366007 0.00892878 0)
(0.0365988 0.00964821 0)
(0.0365967 0.0104321 0)
(0.0365944 0.0112861 0)
(0.0365919 0.0122166 0)
(0.0365892 0.0132304 0)
(0.0365862 0.014335 0)
(0.036583 0.0155385 0)
(0.0365795 0.0168498 0)
(0.0365757 0.0182784 0)
(0.0365715 0.019835 0)
(0.036567 0.0215309 0)
(0.036562 0.0233787 0)
(0.0365566 0.025392 0)
(0.0365508 0.0275854 0)
(0.0365444 0.0299753 0)
(0.0365374 0.0325792 0)
(0.0365298 0.0354162 0)
(0.0365215 0.0385073 0)
(0.0365125 0.0418751 0)
(0.0365027 0.0455444 0)
(0.036492 0.0495423 0)
(0.0364803 0.0538981 0)
(0.0364676 0.058644 0)
(0.0364538 0.0638148 0)
(0.0364387 0.0694485 0)
(0.0364223 0.0755867 0)
(0.0364044 0.0822744 0)
(0.0363849 0.089561 0)
(0.0412467 0.00808106 0)
(0.0412444 0.00868429 0)
(0.0412419 0.00934152 0)
(0.0412392 0.0100576 0)
(0.0412363 0.0108378 0)
(0.0412331 0.0116879 0)
(0.0412296 0.012614 0)
(0.0412258 0.0136231 0)
(0.0412216 0.0147226 0)
(0.0412171 0.0159205 0)
(0.0412122 0.0172256 0)
(0.0412068 0.0186476 0)
(0.041201 0.0201969 0)
(0.0411946 0.0218849 0)
(0.0411876 0.0237241 0)
(0.0411801 0.025728 0)
(0.0411718 0.0279113 0)
(0.0411629 0.03029 0)
(0.0411531 0.0328818 0)
(0.0411424 0.0357056 0)
(0.0411308 0.0387822 0)
(0.0411181 0.0421343 0)
(0.0411043 0.0457865 0)
(0.0410893 0.0497658 0)
(0.0410729 0.0541013 0)
(0.0410551 0.0588251 0)
(0.0410357 0.0639717 0)
(0.0410145 0.0695792 0)
(0.0409914 0.0756888 0)
(0.0409663 0.0823454 0)
(0.0409389 0.089598 0)
(0.045906 0.00821518 0)
(0.045903 0.00881751 0)
(0.0458997 0.00947376 0)
(0.0458961 0.0101888 0)
(0.0458921 0.0109678 0)
(0.0458878 0.0118166 0)
(0.0458832 0.0127414 0)
(0.0458781 0.0137489 0)
(0.0458725 0.0148467 0)
(0.0458665 0.0160428 0)
(0.0458599 0.017346 0)
(0.0458527 0.0187659 0)
(0.0458449 0.0203129 0)
(0.0458363 0.0219984 0)
(0.0458271 0.0238348 0)
(0.0458169 0.0258356 0)
(0.0458059 0.0280156 0)
(0.0457939 0.0303908 0)
(0.0457808 0.0329787 0)
(0.0457666 0.0357982 0)
(0.045751 0.0388703 0)
(0.0457341 0.0422173 0)
(0.0457157 0.0458641 0)
(0.0456956 0.0498374 0)
(0.0456737 0.0541664 0)
(0.0456498 0.0588831 0)
(0.0456238 0.064022 0)
(0.0455955 0.0696211 0)
(0.0455647 0.0757215 0)
(0.0455311 0.0823681 0)
(0.0454944 0.0896099 0)
(0.0505623 0.00800739 0)
(0.0505585 0.00861111 0)
(0.0505544 0.00926889 0)
(0.0505499 0.00998556 0)
(0.0505449 0.0107664 0)
(0.0505396 0.0116172 0)
(0.0505338 0.0125441 0)
(0.0505274 0.013554 0)
(0.0505205 0.0146544 0)
(0.050513 0.0158532 0)
(0.0505048 0.0171595 0)
(0.0504958 0.0185826 0)
(0.0504861 0.0201332 0)
(0.0504755 0.0218226 0)
(0.0504639 0.0236633 0)
(0.0504513 0.0256688 0)
(0.0504376 0.0278539 0)
(0.0504226 0.0302346 0)
(0.0504063 0.0328285 0)
(0.0503886 0.0356546 0)
(0.0503692 0.0387338 0)
(0.0503481 0.0420887 0)
(0.0503252 0.0457439 0)
(0.0503002 0.0497265 0)
(0.0502729 0.0540656 0)
(0.0502432 0.0587932 0)
(0.0502108 0.0639441 0)
(0.0501756 0.0695562 0)
(0.0501372 0.0756708 0)
(0.0500953 0.0823329 0)
(0.0500497 0.0895915 0)
(0.0551729 0.00733322 0)
(0.0551686 0.00794149 0)
(0.055164 0.00860422 0)
(0.055159 0.00932629 0)
(0.0551535 0.010113 0)
(0.0551476 0.0109702 0)
(0.0551411 0.0119041 0)
(0.055134 0.0129216 0)
(0.0551263 0.0140303 0)
(0.0551179 0.0152382 0)
(0.0551087 0.0165542 0)
(0.0550987 0.0179881 0)
(0.0550879 0.0195504 0)
(0.055076 0.0212525 0)
(0.0550631 0.0231071 0)
(0.055049 0.0251277 0)
(0.0550337 0.0273293 0)
(0.055017 0.0297279 0)
(0.0549989 0.0323413 0)
(0.054979 0.0351887 0)
(0.0549575 0.0382911 0)
(0.0549339 0.0416712 0)
(0.0549083 0.045354 0)
(0.0548804 0.0493666 0)
(0.05485 0.0537384 0)
(0.0548168 0.0585016 0)
(0.0547807 0.0636913 0)
(0.0547414 0.0693457 0)
(0.0546985 0.0755064 0)
(0.0546518 0.0822187 0)
(0.0546009 0.0895319 0)
(0.0597006 0.00623043 0)
(0.0596965 0.00684614 0)
(0.059692 0.00751698 0)
(0.0596871 0.00824788 0)
(0.0596818 0.00904423 0)
(0.059676 0.00991188 0)
(0.0596697 0.0108572 0)
(0.0596628 0.0118872 0)
(0.0596553 0.0130094 0)
(0.0596471 0.0142321 0)
(0.0596382 0.0155642 0)
(0.0596285 0.0170156 0)
(0.059618 0.018597 0)
(0.0596065 0.02032 0)
(0.0595939 0.0221972 0)
(0.0595803 0.0242426 0)
(0.0595654 0.026471 0)
(0.0595492 0.028899 0)
(0.0595315 0.0315444 0)
(0.0595122 0.0344266 0)
(0.0594913 0.037567 0)
(0.0594684 0.0409884 0)
(0.0594435 0.0447163 0)
(0.0594164 0.0487779 0)
(0.0593868 0.0532031 0)
(0.0593546 0.0580246 0)
(0.0593195 0.0632778 0)
(0.0592813 0.0690014 0)
(0.0592396 0.0752374 0)
(0.0591942 0.0820318 0)
(0.0591448 0.0894345 0)
(0.0641426 0.00482104 0)
(0.0641392 0.00544626 0)
(0.0641355 0.00612746 0)
(0.0641314 0.00686965 0)
(0.064127 0.00767829 0)
(0.0641222 0.00855934 0)
(0.0641169 0.00951927 0)
(0.0641112 0.0105652 0)
(0.064105 0.0117047 0)
(0.0640982 0.0129462 0)
(0.0640908 0.014299 0)
(0.0640828 0.0157728 0)
(0.064074 0.0173786 0)
(0.0640644 0.0191282 0)
(0.064054 0.0210344 0)
(0.0640427 0.0231113 0)
(0.0640303 0.0253742 0)
(0.0640169 0.0278397 0)
(0.0640022 0.0305259 0)
(0.0639862 0.0334527 0)
(0.0639688 0.0366415 0)
(0.0639498 0.0401158 0)
(0.0639291 0.0439012 0)
(0.0639066 0.0480255 0)
(0.0638821 0.0525191 0)
(0.0638553 0.0574151 0)
(0.0638262 0.0627494 0)
(0.0637944 0.0685613 0)
(0.0637598 0.0748936 0)
(0.0637222 0.0817929 0)
(0.0636811 0.0893099 0)
(0.0685151 0.00320896 0)
(0.0685128 0.00384506 0)
(0.0685104 0.0045381 0)
(0.0685077 0.0052932 0)
(0.0685048 0.00611591 0)
(0.0685016 0.00701229 0)
(0.0684982 0.00798892 0)
(0.0684944 0.00905299 0)
(0.0684903 0.0102123 0)
(0.0684858 0.0114755 0)
(0.068481 0.0128517 0)
(0.0684757 0.0143512 0)
(0.0684699 0.015985 0)
(0.0684636 0.017765 0)
(0.0684568 0.0197044 0)
(0.0684493 0.0218174 0)
(0.0684412 0.0241196 0)
(0.0684323 0.026628 0)
(0.0684226 0.029361 0)
(0.0684121 0.0323386 0)
(0.0684006 0.0355829 0)
(0.0683882 0.0391176 0)
(0.0683745 0.0429689 0)
(0.0683597 0.0471649 0)
(0.0683436 0.0517367 0)
(0.068326 0.0567178 0)
(0.0683068 0.0621449 0)
(0.0682859 0.0680579 0)
(0.0682631 0.0745004 0)
(0.0682383 0.0815197 0)
(0.0682113 0.0891675 0)
(0.0728434 0.00148202 0)
(0.0728426 0.00212977 0)
(0.0728417 0.00283551 0)
(0.0728408 0.00360444 0)
(0.0728398 0.00444221 0)
(0.0728387 0.005355 0)
(0.0728375 0.00634952 0)
(0.0728362 0.00743308 0)
(0.0728347 0.00861367 0)
(0.0728332 0.00989995 0)
(0.0728315 0.0113014 0)
(0.0728297 0.0128284 0)
(0.0728276 0.014492 0)
(0.0728254 0.0163046 0)
(0.0728231 0.0182795 0)
(0.0728205 0.0204313 0)
(0.0728176 0.0227757 0)
(0.0728145 0.02533 0)
(0.0728112 0.028113 0)
(0.0728075 0.0311452 0)
(0.0728035 0.0344489 0)
(0.0727992 0.0380484 0)
(0.0727944 0.0419701 0)
(0.0727892 0.046243 0)
(0.0727836 0.0508985 0)
(0.0727775 0.0559709 0)
(0.0727708 0.0614974 0)
(0.0727635 0.0675187 0)
(0.0727556 0.0740792 0)
(0.0727469 0.081227 0)
(0.0727375 0.0890149 0)
(0.0771566 -0.000282075 0)
(0.0771574 0.000377569 0)
(0.0771583 0.00109628 0)
(0.0771592 0.00187933 0)
(0.0771602 0.0027325 0)
(0.0771613 0.00366206 0)
(0.0771625 0.00467485 0)
(0.0771638 0.00577832 0)
(0.0771653 0.0069806 0)
(0.0771668 0.00829052 0)
(0.0771685 0.00971772 0)
(0.0771704 0.0112727 0)
(0.0771724 0.0129669 0)
(0.0771746 0.0148129 0)
(0.0771769 0.016824 0)
(0.0771795 0.0190153 0)
(0.0771824 0.0214028 0)
(0.0771855 0.024004 0)
(0.0771888 0.0268382 0)
(0.0771925 0.0299261 0)
(0.0771965 0.0332905 0)
(0.0772008 0.0369561 0)
(0.0772056 0.0409499 0)
(0.0772108 0.0453013 0)
(0.0772164 0.0500424 0)
(0.0772225 0.0552079 0)
(0.0772292 0.0608359 0)
(0.0772365 0.0669679 0)
(0.0772444 0.0736488 0)
(0.0772531 0.080928 0)
(0.0772625 0.088859 0)
(0.0814849 -0.00200902 0)
(0.0814872 -0.00133772 0)
(0.0814896 -0.000606321 0)
(0.0814923 0.000190565 0)
(0.0814952 0.0010588 0)
(0.0814984 0.00200478 0)
(0.0815018 0.00303546 0)
(0.0815056 0.00415842 0)
(0.0815097 0.00538192 0)
(0.0815142 0.00671498 0)
(0.081519 0.00816739 0)
(0.0815243 0.00974984 0)
(0.0815301 0.011474 0)
(0.0815364 0.0133525 0)
(0.0815432 0.0153992 0)
(0.0815507 0.0176292 0)
(0.0815588 0.0200588 0)
(0.0815677 0.022706 0)
(0.0815774 0.0255902 0)
(0.0815879 0.0287326 0)
(0.0815994 0.0321564 0)
(0.0816118 0.0358868 0)
(0.0816255 0.0399512 0)
(0.0816403 0.0443794 0)
(0.0816564 0.0492042 0)
(0.081674 0.054461 0)
(0.0816932 0.0601884 0)
(0.0817141 0.0664286 0)
(0.0817369 0.0732276 0)
(0.0817617 0.0806353 0)
(0.0817887 0.0887063 0)
(0.0858574 -0.00362109 0)
(0.0858608 -0.00293892 0)
(0.0858645 -0.00219568 0)
(0.0858686 -0.00138588 0)
(0.085873 -0.000503575 0)
(0.0858778 0.000457726 0)
(0.0858831 0.0015051 0)
(0.0858888 0.00264625 0)
(0.085895 0.00388958 0)
(0.0859018 0.00524423 0)
(0.0859092 0.00672017 0)
(0.0859172 0.00832826 0)
(0.085926 0.0100803 0)
(0.0859356 0.0119893 0)
(0.085946 0.0140692 0)
(0.0859573 0.0163353 0)
(0.0859697 0.0188043 0)
(0.0859831 0.0214943 0)
(0.0859978 0.0244252 0)
(0.0860138 0.0276186 0)
(0.0860312 0.0310979 0)
(0.0860502 0.0348886 0)
(0.0860709 0.0390189 0)
(0.0860934 0.0435189 0)
(0.0861179 0.0484218 0)
(0.0861447 0.0537637 0)
(0.0861738 0.0595839 0)
(0.0862056 0.0659253 0)
(0.0862402 0.0728344 0)
(0.0862778 0.0803621 0)
(0.0863189 0.0885639 0)
(0.0902994 -0.00503048 0)
(0.0903035 -0.0043388 0)
(0.090308 -0.0035852 0)
(0.0903129 -0.00276411 0)
(0.0903182 -0.00186951 0)
(0.090324 -0.000894812 0)
(0.0903303 0.00016716 0)
(0.0903372 0.00132422 0)
(0.0903447 0.00258487 0)
(0.0903529 0.0039584 0)
(0.0903618 0.00545492 0)
(0.0903715 0.00708542 0)
(0.090382 0.00886192 0)
(0.0903935 0.0107975 0)
(0.0904061 0.0129063 0)
(0.0904197 0.015204 0)
(0.0904346 0.0177074 0)
(0.0904508 0.020435 0)
(0.0904685 0.0234068 0)
(0.0904878 0.0266446 0)
(0.0905087 0.0301724 0)
(0.0905316 0.034016 0)
(0.0905565 0.0382038 0)
(0.0905836 0.0427665 0)
(0.0906132 0.0477378 0)
(0.0906454 0.0531541 0)
(0.0906805 0.0590555 0)
(0.0907187 0.0654852 0)
(0.0907604 0.0724906 0)
(0.0908058 0.0801233 0)
(0.0908552 0.0884393 0)
(0.0948271 -0.00613327 0)
(0.0948314 -0.00543415 0)
(0.094836 -0.00467244 0)
(0.094841 -0.00384252 0)
(0.0948465 -0.0029383 0)
(0.0948524 -0.00195312 0)
(0.0948589 -0.000879723 0)
(0.094866 0.000289779 0)
(0.0948737 0.00156399 0)
(0.0948821 0.0029523 0)
(0.0948913 0.00446491 0)
(0.0949013 0.00611295 0)
(0.0949121 0.00790855 0)
(0.094924 0.00986493 0)
(0.0949369 0.0119965 0)
(0.094951 0.0143189 0)
(0.0949663 0.0168492 0)
(0.094983 0.0196061 0)
(0.0950011 0.0226098 0)
(0.095021 0.0258825 0)
(0.0950425 0.0294482 0)
(0.0950661 0.0333332 0)
(0.0950917 0.037566 0)
(0.0951196 0.0421778 0)
(0.09515 0.0472025 0)
(0.0951832 0.0526772 0)
(0.0952193 0.058642 0)
(0.0952586 0.0651408 0)
(0.0953015 0.0722216 0)
(0.0953482 0.0799364 0)
(0.0953991 0.0883419 0)
(0.0994377 -0.00680744 0)
(0.0994415 -0.00610378 0)
(0.0994456 -0.00533711 0)
(0.0994501 -0.00450179 0)
(0.0994551 -0.00359169 0)
(0.0994604 -0.0026001 0)
(0.0994662 -0.00151972 0)
(0.0994726 -0.00034261 0)
(0.0994795 0.000939894 0)
(0.099487 0.00233723 0)
(0.0994952 0.00385968 0)
(0.0995042 0.00551844 0)
(0.0995139 0.00732573 0)
(0.0995245 0.00929483 0)
(0.0995361 0.0114402 0)
(0.0995487 0.0137777 0)
(0.0995624 0.0163245 0)
(0.0995774 0.0190994 0)
(0.0995937 0.0221226 0)
(0.0996114 0.0254166 0)
(0.0996308 0.0290055 0)
(0.0996519 0.0329157 0)
(0.0996748 0.0371761 0)
(0.0996998 0.0418179 0)
(0.0997271 0.0468753 0)
(0.0997568 0.0523856 0)
(0.0997892 0.0583892 0)
(0.0998244 0.0649303 0)
(0.0998628 0.0720572 0)
(0.0999047 0.0798221 0)
(0.0999503 0.0882823 0)
(0.104094 -0.00701524 0)
(0.104097 -0.00631017 0)
(0.1041 -0.00554197 0)
(0.104104 -0.004705 0)
(0.104108 -0.00379308 0)
(0.104112 -0.00279951 0)
(0.104117 -0.00171698 0)
(0.104122 -0.000537527 0)
(0.104127 0.000747533 0)
(0.104134 0.00214765 0)
(0.10414 0.00367313 0)
(0.104147 0.0053352 0)
(0.104155 0.00714609 0)
(0.104164 0.00911911 0)
(0.104173 0.0112688 0)
(0.104183 0.013611 0)
(0.104194 0.0161628 0)
(0.104206 0.0189432 0)
(0.104219 0.0219725 0)
(0.104233 0.025273 0)
(0.104249 0.0288691 0)
(0.104266 0.0327871 0)
(0.104284 0.0370559 0)
(0.104304 0.041707 0)
(0.104326 0.0467745 0)
(0.10435 0.0522957 0)
(0.104376 0.0583113 0)
(0.104404 0.0648655 0)
(0.104435 0.0720065 0)
(0.104469 0.0797869 0)
(0.104506 0.0882639 0)
(0.108753 -0.00688111 0)
(0.108756 -0.00617695 0)
(0.108758 -0.00540974 0)
(0.108761 -0.00457384 0)
(0.108764 -0.00366309 0)
(0.108767 -0.0026708 0)
(0.10877 -0.00158966 0)
(0.108774 -0.000411715 0)
(0.108778 0.000871696 0)
(0.108783 0.00227002 0)
(0.108788 0.00379354 0)
(0.108793 0.00545348 0)
(0.108799 0.00726204 0)
(0.108805 0.00923253 0)
(0.108812 0.0113795 0)
(0.10882 0.0137186 0)
(0.108828 0.0162672 0)
(0.108837 0.019044 0)
(0.108847 0.0220694 0)
(0.108858 0.0253657 0)
(0.108869 0.0289571 0)
(0.108882 0.0328701 0)
(0.108896 0.0371335 0)
(0.108911 0.0417786 0)
(0.108927 0.0468396 0)
(0.108945 0.0523537 0)
(0.108964 0.0583616 0)
(0.108985 0.0649073 0)
(0.109009 0.0720392 0)
(0.109034 0.0798096 0)
(0.109061 0.0882758 0)
(0.113396 -0.00646246 0)
(0.113398 -0.00576113 0)
(0.113399 -0.00499699 0)
(0.113401 -0.00416444 0)
(0.113403 -0.00325735 0)
(0.113406 -0.00226903 0)
(0.113408 -0.00119223 0)
(0.113411 -1.90134e-05 0)
(0.113414 0.00125925 0)
(0.113417 0.00265196 0)
(0.113421 0.00416938 0)
(0.113424 0.00582266 0)
(0.113428 0.00762396 0)
(0.113433 0.00958655 0)
(0.113438 0.0117249 0)
(0.113443 0.0140546 0)
(0.113449 0.016593 0)
(0.113456 0.0193587 0)
(0.113463 0.0223719 0)
(0.11347 0.025655 0)
(0.113478 0.029232 0)
(0.113487 0.0331293 0)
(0.113497 0.0373756 0)
(0.113508 0.0420021 0)
(0.11352 0.0470428 0)
(0.113532 0.0525348 0)
(0.113546 0.0585185 0)
(0.113561 0.0650381 0)
(0.113578 0.0721413 0)
(0.113596 0.0798806 0)
(0.113615 0.0883128 0)
(0.118013 -0.00581731 0)
(0.118014 -0.00512032 0)
(0.118015 -0.00436093 0)
(0.118016 -0.00353355 0)
(0.118018 -0.00263208 0)
(0.118019 -0.0016499 0)
(0.118021 -0.000579781 0)
(0.118023 0.000586156 0)
(0.118025 0.00185649 0)
(0.118027 0.00324056 0)
(0.11803 0.00474855 0)
(0.118033 0.00639157 0)
(0.118036 0.0081817 0)
(0.118039 0.0101321 0)
(0.118042 0.0122572 0)
(0.118046 0.0145725 0)
(0.11805 0.0170951 0)
(0.118055 0.0198436 0)
(0.11806 0.0228382 0)
(0.118065 0.0261009 0)
(0.118071 0.0296557 0)
(0.118077 0.0335288 0)
(0.118084 0.0377487 0)
(0.118091 0.0423465 0)
(0.1181 0.0473559 0)
(0.118109 0.0528138 0)
(0.118118 0.0587604 0)
(0.118129 0.0652395 0)
(0.118141 0.0722987 0)
(0.118153 0.0799899 0)
(0.118167 0.0883698 0)
(0.122602 -0.00500209 0)
(0.122603 -0.0043106 0)
(0.122604 -0.00355721 0)
(0.122605 -0.00273635 0)
(0.122606 -0.001842 0)
(0.122607 -0.000867567 0)
(0.122609 0.00019411 0)
(0.12261 0.00135085 0)
(0.122612 0.00261115 0)
(0.122613 0.0039843 0)
(0.122615 0.0054804 0)
(0.122617 0.00711046 0)
(0.122619 0.00888646 0)
(0.122622 0.0108215 0)
(0.122624 0.0129298 0)
(0.122627 0.0152268 0)
(0.12263 0.0177295 0)
(0.122633 0.0204563 0)
(0.122637 0.0234273 0)
(0.122641 0.0266642 0)
(0.122645 0.030191 0)
(0.12265 0.0340336 0)
(0.122655 0.0382202 0)
(0.122661 0.0427816 0)
(0.122667 0.0477515 0)
(0.122673 0.0531664 0)
(0.12268 0.0590661 0)
(0.122688 0.0654941 0)
(0.122697 0.0724975 0)
(0.122706 0.0801281 0)
(0.122716 0.0884418 0)
(0.12717 -0.00407031 0)
(0.12717 -0.00338511 0)
(0.127171 -0.00263856 0)
(0.127172 -0.00182517 0)
(0.127173 -0.000938947 0)
(0.127174 2.66257e-05 0)
(0.127175 0.00107865 0)
(0.127176 0.00222487 0)
(0.127177 0.00347372 0)
(0.127179 0.00483439 0)
(0.12718 0.00631689 0)
(0.127182 0.00793213 0)
(0.127184 0.00969199 0)
(0.127186 0.0116094 0)
(0.127188 0.0136985 0)
(0.12719 0.0159747 0)
(0.127193 0.0184547 0)
(0.127195 0.0211567 0)
(0.127198 0.0241006 0)
(0.127202 0.0273081 0)
(0.127205 0.0308029 0)
(0.127209 0.0346105 0)
(0.127213 0.0387591 0)
(0.127218 0.0432791 0)
(0.127223 0.0482038 0)
(0.127228 0.0535694 0)
(0.127234 0.0594155 0)
(0.127241 0.065785 0)
(0.127248 0.0727248 0)
(0.127255 0.080286 0)
(0.127264 0.0885242 0)
(0.131723 -0.00307265 0)
(0.131724 -0.00239418 0)
(0.131725 -0.00165496 0)
(0.131725 -0.000849558 0)
(0.131726 2.79596e-05 0)
(0.131727 0.000984048 0)
(0.131728 0.00202574 0)
(0.131729 0.0031607 0)
(0.13173 0.00439729 0)
(0.131732 0.00574459 0)
(0.131733 0.00721253 0)
(0.131734 0.0088119 0)
(0.131736 0.0105545 0)
(0.131738 0.0124531 0)
(0.13174 0.0145217 0)
(0.131742 0.0167755 0)
(0.131744 0.0192311 0)
(0.131747 0.0219065 0)
(0.13175 0.0248216 0)
(0.131753 0.0279976 0)
(0.131756 0.031458 0)
(0.131759 0.0352282 0)
(0.131763 0.039336 0)
(0.131767 0.0438116 0)
(0.131772 0.048688 0)
(0.131777 0.0540009 0)
(0.131783 0.0597896 0)
(0.131789 0.0660965 0)
(0.131795 0.0729682 0)
(0.131802 0.0804551 0)
(0.13181 0.0886124 0)
(0.136273 -0.00205791 0)
(0.136274 -0.00138628 0)
(0.136274 -0.000654522 0)
(0.136275 0.000142756 0)
(0.136276 0.00101142 0)
(0.136277 0.00195786 0)
(0.136278 0.00298904 0)
(0.136279 0.00411256 0)
(0.13628 0.00533666 0)
(0.136281 0.00667037 0)
(0.136282 0.0081235 0)
(0.136284 0.00970673 0)
(0.136285 0.0114317 0)
(0.136287 0.0133112 0)
(0.136289 0.0153589 0)
(0.136291 0.01759 0)
(0.136293 0.0200208 0)
(0.136295 0.0226693 0)
(0.136298 0.0255549 0)
(0.136301 0.0286989 0)
(0.136304 0.0321243 0)
(0.136307 0.0358565 0)
(0.136311 0.0399229 0)
(0.136315 0.0443533 0)
(0.13632 0.0491805 0)
(0.136324 0.0544398 0)
(0.13633 0.0601701 0)
(0.136335 0.0664134 0)
(0.136342 0.0732157 0)
(0.136348 0.0806271 0)
(0.136356 0.088702 0)
(0.140829 -0.00107437 0)
(0.14083 -0.000409382 0)
(0.140831 0.000315148 0)
(0.140831 0.00110455 0)
(0.140832 0.00196463 0)
(0.140833 0.00290172 0)
(0.140834 0.00392272 0)
(0.140834 0.00503513 0)
(0.140835 0.00624715 0)
(0.140836 0.00756768 0)
(0.140838 0.00900645 0)
(0.140839 0.010574 0)
(0.14084 0.012282 0)
(0.140842 0.0141429 0)
(0.140843 0.0161704 0)
(0.140845 0.0183794 0)
(0.140847 0.0207862 0)
(0.140849 0.0234085 0)
(0.140852 0.0262656 0)
(0.140854 0.0293785 0)
(0.140857 0.0327702 0)
(0.14086 0.0364655 0)
(0.140863 0.0404917 0)
(0.140867 0.0448784 0)
(0.14087 0.0496578 0)
(0.140875 0.0548652 0)
(0.140879 0.0605388 0)
(0.140884 0.0667205 0)
(0.14089 0.0734556 0)
(0.140896 0.0807937 0)
(0.140902 0.0887889 0)
(0.145403 -0.000171268 0)
(0.145403 0.000487628 0)
(0.145403 0.00120552 0)
(0.145404 0.00198769 0)
(0.145404 0.00283989 0)
(0.145405 0.0037684 0)
(0.145405 0.00478004 0)
(0.145406 0.00588226 0)
(0.145407 0.00708317 0)
(0.145407 0.00839161 0)
(0.145408 0.0098172 0)
(0.145409 0.0113704 0)
(0.14541 0.0130627 0)
(0.145411 0.0149066 0)
(0.145412 0.0169155 0)
(0.145413 0.0191043 0)
(0.145414 0.021489 0)
(0.145416 0.0240873 0)
(0.145417 0.0269182 0)
(0.145419 0.0300026 0)
(0.145421 0.0333632 0)
(0.145422 0.0370247 0)
(0.145425 0.041014 0)
(0.145427 0.0453605 0)
(0.145429 0.0500961 0)
(0.145432 0.0552558 0)
(0.145435 0.0608775 0)
(0.145438 0.0670025 0)
(0.145442 0.0736759 0)
(0.145446 0.0809468 0)
(0.14545 0.0888688 0)
(0.0045973 0.00137122 0.29)
(0.00459695 0.00201971 0.29)
(0.00459657 0.00272626 0.29)
(0.00459615 0.00349608 0.29)
(0.0045957 0.00433482 0.29)
(0.00459521 0.00524867 0.29)
(0.00459467 0.00624433 0.29)
(0.00459409 0.00732915 0.29)
(0.00459345 0.00851109 0.29)
(0.00459275 0.00979886 0.29)
(0.004592 0.0112019 0.29)
(0.00459117 0.0127306 0.29)
(0.00459027 0.0143962 0.29)
(0.0045893 0.0162109 0.29)
(0.00458823 0.0181881 0.29)
(0.00458707 0.0203423 0.29)
(0.0045858 0.0226894 0.29)
(0.00458442 0.0252467 0.29)
(0.00458292 0.0280329 0.29)
(0.00458128 0.0310686 0.29)
(0.0045795 0.0343761 0.29)
(0.00457756 0.0379797 0.29)
(0.00457544 0.041906 0.29)
(0.00457313 0.0461839 0.29)
(0.00457062 0.0508448 0.29)
(0.00456788 0.055923 0.29)
(0.00456489 0.0614558 0.29)
(0.00456164 0.0674841 0.29)
(0.0045581 0.0740521 0.29)
(0.00455424 0.0812082 0.29)
(0.00455004 0.0890051 0.29)
(0.00917051 0.00227432 0.29)
(0.00916997 0.00291672 0.29)
(0.00916939 0.00361663 0.29)
(0.00916875 0.00437922 0.29)
(0.00916806 0.00521008 0.29)
(0.0091673 0.00611534 0.29)
(0.00916647 0.00710165 0.29)
(0.00916558 0.00817627 0.29)
(0.0091646 0.00934712 0.29)
(0.00916353 0.0106228 0.29)
(0.00916237 0.0120127 0.29)
(0.0091611 0.013527 0.29)
(0.00915972 0.015177 0.29)
(0.00915822 0.0169746 0.29)
(0.00915658 0.0189332 0.29)
(0.0091548 0.0210672 0.29)
(0.00915286 0.0233923 0.29)
(0.00915074 0.0259255 0.29)
(0.00914843 0.0286855 0.29)
(0.00914592 0.0316927 0.29)
(0.00914318 0.0349691 0.29)
(0.0091402 0.0385389 0.29)
(0.00913694 0.0424283 0.29)
(0.0091334 0.046666 0.29)
(0.00912954 0.0512831 0.29)
(0.00912534 0.0563136 0.29)
(0.00912076 0.0617945 0.29)
(0.00911576 0.0677661 0.29)
(0.00911033 0.0742724 0.29)
(0.0091044 0.0813613 0.29)
(0.00909794 0.0890849 0.29)
(0.0137271 0.00325785 0.29)
(0.0137265 0.00389362 0.29)
(0.0137258 0.0045863 0.29)
(0.0137251 0.00534101 0.29)
(0.0137243 0.0061633 0.29)
(0.0137234 0.0070592 0.29)
(0.0137225 0.00803533 0.29)
(0.0137215 0.00909885 0.29)
(0.0137203 0.0102576 0.29)
(0.0137191 0.0115201 0.29)
(0.0137178 0.0128956 0.29)
(0.0137164 0.0143943 0.29)
(0.0137148 0.0160272 0.29)
(0.0137131 0.0178063 0.29)
(0.0137112 0.0197447 0.29)
(0.0137092 0.0218566 0.29)
(0.013707 0.0241577 0.29)
(0.0137045 0.0266647 0.29)
(0.0137019 0.0293963 0.29)
(0.0136991 0.0323724 0.29)
(0.0136959 0.035615 0.29)
(0.0136925 0.0391479 0.29)
(0.0136888 0.0429971 0.29)
(0.0136848 0.047191 0.29)
(0.0136804 0.0517604 0.29)
(0.0136756 0.0567389 0.29)
(0.0136704 0.0621632 0.29)
(0.0136647 0.0680732 0.29)
(0.0136585 0.0745123 0.29)
(0.0136517 0.081528 0.29)
(0.0136444 0.0891718 0.29)
(0.0182768 0.0042726 0.29)
(0.0182761 0.00490152 0.29)
(0.0182754 0.00558675 0.29)
(0.0182747 0.00633333 0.29)
(0.0182738 0.00714676 0.29)
(0.0182729 0.00803302 0.29)
(0.018272 0.00899863 0.29)
(0.0182709 0.0100507 0.29)
(0.0182697 0.011197 0.29)
(0.0182685 0.0124459 0.29)
(0.0182671 0.0138066 0.29)
(0.0182656 0.0152892 0.29)
(0.0182639 0.0169045 0.29)
(0.0182621 0.0186644 0.29)
(0.0182602 0.0205819 0.29)
(0.018258 0.0226711 0.29)
(0.0182557 0.0249474 0.29)
(0.0182532 0.0274275 0.29)
(0.0182504 0.0301296 0.29)
(0.0182474 0.0330737 0.29)
(0.0182442 0.0362813 0.29)
(0.0182406 0.0397762 0.29)
(0.0182367 0.043584 0.29)
(0.0182325 0.0477327 0.29)
(0.0182279 0.0522529 0.29)
(0.0182229 0.0571778 0.29)
(0.0182174 0.0625437 0.29)
(0.0182115 0.06839 0.29)
(0.018205 0.0747598 0.29)
(0.0181979 0.0816999 0.29)
(0.0181902 0.0892615 0.29)
(0.0228303 0.00527026 0.29)
(0.0228296 0.00589245 0.29)
(0.0228288 0.00657035 0.29)
(0.022828 0.00730894 0.29)
(0.0228271 0.00811366 0.29)
(0.0228261 0.00899044 0.29)
(0.022825 0.00994572 0.29)
(0.0228239 0.0109865 0.29)
(0.0228226 0.0121205 0.29)
(0.0228212 0.0133561 0.29)
(0.0228197 0.0147022 0.29)
(0.0228181 0.0161689 0.29)
(0.0228163 0.017767 0.29)
(0.0228144 0.0195081 0.29)
(0.0228122 0.0214051 0.29)
(0.0228099 0.0234719 0.29)
(0.0228074 0.0257238 0.29)
(0.0228047 0.0281773 0.29)
(0.0228017 0.0308505 0.29)
(0.0227984 0.0337631 0.29)
(0.0227949 0.0369364 0.29)
(0.022791 0.0403939 0.29)
(0.0227868 0.044161 0.29)
(0.0227822 0.0482653 0.29)
(0.0227773 0.0527371 0.29)
(0.0227718 0.0576093 0.29)
(0.0227659 0.0629178 0.29)
(0.0227594 0.0687016 0.29)
(0.0227524 0.0750032 0.29)
(0.0227447 0.081869 0.29)
(0.0227364 0.0893496 0.29)
(0.0273977 0.00620204 0.29)
(0.0273969 0.00681794 0.29)
(0.0273959 0.00748899 0.29)
(0.0273949 0.00822012 0.29)
(0.0273939 0.00901671 0.29)
(0.0273927 0.00988463 0.29)
(0.0273914 0.0108303 0.29)
(0.02739 0.0118606 0.29)
(0.0273884 0.0129831 0.29)
(0.0273867 0.0142062 0.29)
(0.0273849 0.0155387 0.29)
(0.0273829 0.0169906 0.29)
(0.0273808 0.0185725 0.29)
(0.0273784 0.020296 0.29)
(0.0273758 0.0221738 0.29)
(0.027373 0.0242198 0.29)
(0.02737 0.0264489 0.29)
(0.0273667 0.0288777 0.29)
(0.027363 0.0315239 0.29)
(0.0273591 0.034407 0.29)
(0.0273548 0.0375483 0.29)
(0.0273501 0.0409709 0.29)
(0.027345 0.0446998 0.29)
(0.0273394 0.0487627 0.29)
(0.0273334 0.0531894 0.29)
(0.0273268 0.0580124 0.29)
(0.0273196 0.0632672 0.29)
(0.0273118 0.0689925 0.29)
(0.0273032 0.0752305 0.29)
(0.0272939 0.0820269 0.29)
(0.0272838 0.089432 0.29)
(0.0319874 0.00701726 0.29)
(0.0319863 0.00762766 0.29)
(0.031985 0.00829271 0.29)
(0.0319837 0.00901732 0.29)
(0.0319822 0.0098068 0.29)
(0.0319806 0.010667 0.29)
(0.0319788 0.0116042 0.29)
(0.0319769 0.0126253 0.29)
(0.0319748 0.0137378 0.29)
(0.0319726 0.0149499 0.29)
(0.0319701 0.0162706 0.29)
(0.0319674 0.0177095 0.29)
(0.0319645 0.0192772 0.29)
(0.0319613 0.0209854 0.29)
(0.0319578 0.0228464 0.29)
(0.031954 0.0248741 0.29)
(0.0319499 0.0270834 0.29)
(0.0319454 0.0294904 0.29)
(0.0319405 0.032113 0.29)
(0.0319351 0.0349704 0.29)
(0.0319293 0.0380836 0.29)
(0.031923 0.0414756 0.29)
(0.0319161 0.0451713 0.29)
(0.0319085 0.0491979 0.29)
(0.0319003 0.053585 0.29)
(0.0318914 0.0583649 0.29)
(0.0318816 0.0635729 0.29)
(0.031871 0.0692471 0.29)
(0.0318595 0.0754293 0.29)
(0.0318469 0.0821651 0.29)
(0.0318331 0.089504 0.29)
(0.0366041 0.00766241 0.29)
(0.0366025 0.00826846 0.29)
(0.0366007 0.00892878 0.29)
(0.0365988 0.00964821 0.29)
(0.0365967 0.0104321 0.29)
(0.0365944 0.0112861 0.29)
(0.0365919 0.0122166 0.29)
(0.0365892 0.0132304 0.29)
(0.0365862 0.014335 0.29)
(0.036583 0.0155385 0.29)
(0.0365795 0.0168498 0.29)
(0.0365757 0.0182784 0.29)
(0.0365715 0.019835 0.29)
(0.036567 0.0215309 0.29)
(0.036562 0.0233787 0.29)
(0.0365566 0.025392 0.29)
(0.0365508 0.0275854 0.29)
(0.0365444 0.0299753 0.29)
(0.0365374 0.0325792 0.29)
(0.0365298 0.0354162 0.29)
(0.0365215 0.0385073 0.29)
(0.0365125 0.0418751 0.29)
(0.0365027 0.0455444 0.29)
(0.036492 0.0495423 0.29)
(0.0364803 0.0538981 0.29)
(0.0364676 0.058644 0.29)
(0.0364538 0.0638148 0.29)
(0.0364387 0.0694485 0.29)
(0.0364223 0.0755867 0.29)
(0.0364044 0.0822744 0.29)
(0.0363849 0.089561 0.29)
(0.0412467 0.00808106 0.29)
(0.0412444 0.00868429 0.29)
(0.0412419 0.00934152 0.29)
(0.0412392 0.0100576 0.29)
(0.0412363 0.0108378 0.29)
(0.0412331 0.0116879 0.29)
(0.0412296 0.012614 0.29)
(0.0412258 0.0136231 0.29)
(0.0412216 0.0147226 0.29)
(0.0412171 0.0159205 0.29)
(0.0412122 0.0172256 0.29)
(0.0412068 0.0186476 0.29)
(0.041201 0.0201969 0.29)
(0.0411946 0.0218849 0.29)
(0.0411876 0.0237241 0.29)
(0.0411801 0.025728 0.29)
(0.0411718 0.0279113 0.29)
(0.0411629 0.03029 0.29)
(0.0411531 0.0328818 0.29)
(0.0411424 0.0357056 0.29)
(0.0411308 0.0387822 0.29)
(0.0411181 0.0421343 0.29)
(0.0411043 0.0457865 0.29)
(0.0410893 0.0497658 0.29)
(0.0410729 0.0541013 0.29)
(0.0410551 0.0588251 0.29)
(0.0410357 0.0639717 0.29)
(0.0410145 0.0695792 0.29)
(0.0409914 0.0756888 0.29)
(0.0409663 0.0823454 0.29)
(0.0409389 0.089598 0.29)
(0.045906 0.00821518 0.29)
(0.045903 0.00881751 0.29)
(0.0458997 0.00947376 0.29)
(0.0458961 0.0101888 0.29)
(0.0458921 0.0109678 0.29)
(0.0458878 0.0118166 0.29)
(0.0458832 0.0127414 0.29)
(0.0458781 0.0137489 0.29)
(0.0458725 0.0148467 0.29)
(0.0458665 0.0160428 0.29)
(0.0458599 0.017346 0.29)
(0.0458527 0.0187659 0.29)
(0.0458449 0.0203129 0.29)
(0.0458363 0.0219984 0.29)
(0.0458271 0.0238348 0.29)
(0.0458169 0.0258356 0.29)
(0.0458059 0.0280156 0.29)
(0.0457939 0.0303908 0.29)
(0.0457808 0.0329787 0.29)
(0.0457666 0.0357982 0.29)
(0.045751 0.0388703 0.29)
(0.0457341 0.0422173 0.29)
(0.0457157 0.0458641 0.29)
(0.0456956 0.0498374 0.29)
(0.0456737 0.0541664 0.29)
(0.0456498 0.0588831 0.29)
(0.0456238 0.064022 0.29)
(0.0455955 0.0696211 0.29)
(0.0455647 0.0757215 0.29)
(0.0455311 0.0823681 0.29)
(0.0454944 0.0896099 0.29)
(0.0505623 0.00800739 0.29)
(0.0505585 0.00861111 0.29)
(0.0505544 0.00926889 0.29)
(0.0505499 0.00998556 0.29)
(0.0505449 0.0107664 0.29)
(0.0505396 0.0116172 0.29)
(0.0505338 0.0125441 0.29)
(0.0505274 0.013554 0.29)
(0.0505205 0.0146544 0.29)
(0.050513 0.0158532 0.29)
(0.0505048 0.0171595 0.29)
(0.0504958 0.0185826 0.29)
(0.0504861 0.0201332 0.29)
(0.0504755 0.0218226 0.29)
(0.0504639 0.0236633 0.29)
(0.0504513 0.0256688 0.29)
(0.0504376 0.0278539 0.29)
(0.0504226 0.0302346 0.29)
(0.0504063 0.0328285 0.29)
(0.0503886 0.0356546 0.29)
(0.0503692 0.0387338 0.29)
(0.0503481 0.0420887 0.29)
(0.0503252 0.0457439 0.29)
(0.0503002 0.0497265 0.29)
(0.0502729 0.0540656 0.29)
(0.0502432 0.0587932 0.29)
(0.0502108 0.0639441 0.29)
(0.0501756 0.0695562 0.29)
(0.0501372 0.0756708 0.29)
(0.0500953 0.0823329 0.29)
(0.0500497 0.0895915 0.29)
(0.0551729 0.00733322 0.29)
(0.0551686 0.00794149 0.29)
(0.055164 0.00860422 0.29)
(0.055159 0.00932629 0.29)
(0.0551535 0.010113 0.29)
(0.0551476 0.0109702 0.29)
(0.0551411 0.0119041 0.29)
(0.055134 0.0129216 0.29)
(0.0551263 0.0140303 0.29)
(0.0551179 0.0152382 0.29)
(0.0551087 0.0165542 0.29)
(0.0550987 0.0179881 0.29)
(0.0550879 0.0195504 0.29)
(0.055076 0.0212525 0.29)
(0.0550631 0.0231071 0.29)
(0.055049 0.0251277 0.29)
(0.0550337 0.0273293 0.29)
(0.055017 0.0297279 0.29)
(0.0549989 0.0323413 0.29)
(0.054979 0.0351887 0.29)
(0.0549575 0.0382911 0.29)
(0.0549339 0.0416712 0.29)
(0.0549083 0.045354 0.29)
(0.0548804 0.0493666 0.29)
(0.05485 0.0537384 0.29)
(0.0548168 0.0585016 0.29)
(0.0547807 0.0636913 0.29)
(0.0547414 0.0693457 0.29)
(0.0546985 0.0755064 0.29)
(0.0546518 0.0822187 0.29)
(0.0546009 0.0895319 0.29)
(0.0597006 0.00623043 0.29)
(0.0596965 0.00684614 0.29)
(0.059692 0.00751698 0.29)
(0.0596871 0.00824788 0.29)
(0.0596818 0.00904423 0.29)
(0.059676 0.00991188 0.29)
(0.0596697 0.0108572 0.29)
(0.0596628 0.0118872 0.29)
(0.0596553 0.0130094 0.29)
(0.0596471 0.0142321 0.29)
(0.0596382 0.0155642 0.29)
(0.0596285 0.0170156 0.29)
(0.059618 0.018597 0.29)
(0.0596065 0.02032 0.29)
(0.0595939 0.0221972 0.29)
(0.0595803 0.0242426 0.29)
(0.0595654 0.026471 0.29)
(0.0595492 0.028899 0.29)
(0.0595315 0.0315444 0.29)
(0.0595122 0.0344266 0.29)
(0.0594913 0.037567 0.29)
(0.0594684 0.0409884 0.29)
(0.0594435 0.0447163 0.29)
(0.0594164 0.0487779 0.29)
(0.0593868 0.0532031 0.29)
(0.0593546 0.0580246 0.29)
(0.0593195 0.0632778 0.29)
(0.0592813 0.0690014 0.29)
(0.0592396 0.0752374 0.29)
(0.0591942 0.0820318 0.29)
(0.0591448 0.0894345 0.29)
(0.0641426 0.00482104 0.29)
(0.0641392 0.00544626 0.29)
(0.0641355 0.00612746 0.29)
(0.0641314 0.00686965 0.29)
(0.064127 0.00767829 0.29)
(0.0641222 0.00855934 0.29)
(0.0641169 0.00951927 0.29)
(0.0641112 0.0105652 0.29)
(0.064105 0.0117047 0.29)
(0.0640982 0.0129462 0.29)
(0.0640908 0.014299 0.29)
(0.0640828 0.0157728 0.29)
(0.064074 0.0173786 0.29)
(0.0640644 0.0191282 0.29)
(0.064054 0.0210344 0.29)
(0.0640427 0.0231113 0.29)
(0.0640303 0.0253742 0.29)
(0.0640169 0.0278397 0.29)
(0.0640022 0.0305259 0.29)
(0.0639862 0.0334527 0.29)
(0.0639688 0.0366415 0.29)
(0.0639498 0.0401158 0.29)
(0.0639291 0.0439012 0.29)
(0.0639066 0.0480255 0.29)
(0.0638821 0.0525191 0.29)
(0.0638553 0.0574151 0.29)
(0.0638262 0.0627494 0.29)
(0.0637944 0.0685613 0.29)
(0.0637598 0.0748936 0.29)
(0.0637222 0.0817929 0.29)
(0.0636811 0.0893099 0.29)
(0.0685151 0.00320896 0.29)
(0.0685128 0.00384506 0.29)
(0.0685104 0.0045381 0.29)
(0.0685077 0.0052932 0.29)
(0.0685048 0.00611591 0.29)
(0.0685016 0.00701229 0.29)
(0.0684982 0.00798892 0.29)
(0.0684944 0.00905299 0.29)
(0.0684903 0.0102123 0.29)
(0.0684858 0.0114755 0.29)
(0.068481 0.0128517 0.29)
(0.0684757 0.0143512 0.29)
(0.0684699 0.015985 0.29)
(0.0684636 0.017765 0.29)
(0.0684568 0.0197044 0.29)
(0.0684493 0.0218174 0.29)
(0.0684412 0.0241196 0.29)
(0.0684323 0.026628 0.29)
(0.0684226 0.029361 0.29)
(0.0684121 0.0323386 0.29)
(0.0684006 0.0355829 0.29)
(0.0683882 0.0391176 0.29)
(0.0683745 0.0429689 0.29)
(0.0683597 0.0471649 0.29)
(0.0683436 0.0517367 0.29)
(0.068326 0.0567178 0.29)
(0.0683068 0.0621449 0.29)
(0.0682859 0.0680579 0.29)
(0.0682631 0.0745004 0.29)
(0.0682383 0.0815197 0.29)
(0.0682113 0.0891675 0.29)
(0.0728434 0.00148202 0.29)
(0.0728426 0.00212977 0.29)
(0.0728417 0.00283551 0.29)
(0.0728408 0.00360444 0.29)
(0.0728398 0.00444221 0.29)
(0.0728387 0.005355 0.29)
(0.0728375 0.00634952 0.29)
(0.0728362 0.00743308 0.29)
(0.0728347 0.00861367 0.29)
(0.0728332 0.00989995 0.29)
(0.0728315 0.0113014 0.29)
(0.0728297 0.0128284 0.29)
(0.0728276 0.014492 0.29)
(0.0728254 0.0163046 0.29)
(0.0728231 0.0182795 0.29)
(0.0728205 0.0204313 0.29)
(0.0728176 0.0227757 0.29)
(0.0728145 0.02533 0.29)
(0.0728112 0.028113 0.29)
(0.0728075 0.0311452 0.29)
(0.0728035 0.0344489 0.29)
(0.0727992 0.0380484 0.29)
(0.0727944 0.0419701 0.29)
(0.0727892 0.046243 0.29)
(0.0727836 0.0508985 0.29)
(0.0727775 0.0559709 0.29)
(0.0727708 0.0614974 0.29)
(0.0727635 0.0675187 0.29)
(0.0727556 0.0740792 0.29)
(0.0727469 0.081227 0.29)
(0.0727375 0.0890149 0.29)
(0.0771566 -0.000282075 0.29)
(0.0771574 0.000377569 0.29)
(0.0771583 0.00109628 0.29)
(0.0771592 0.00187933 0.29)
(0.0771602 0.0027325 0.29)
(0.0771613 0.00366206 0.29)
(0.0771625 0.00467485 0.29)
(0.0771638 0.00577832 0.29)
(0.0771653 0.0069806 0.29)
(0.0771668 0.00829052 0.29)
(0.0771685 0.00971772 0.29)
(0.0771704 0.0112727 0.29)
(0.0771724 0.0129669 0.29)
(0.0771746 0.0148129 0.29)
(0.0771769 0.016824 0.29)
(0.0771795 0.0190153 0.29)
(0.0771824 0.0214028 0.29)
(0.0771855 0.024004 0.29)
(0.0771888 0.0268382 0.29)
(0.0771925 0.0299261 0.29)
(0.0771965 0.0332905 0.29)
(0.0772008 0.0369561 0.29)
(0.0772056 0.0409499 0.29)
(0.0772108 0.0453013 0.29)
(0.0772164 0.0500424 0.29)
(0.0772225 0.0552079 0.29)
(0.0772292 0.0608359 0.29)
(0.0772365 0.0669679 0.29)
(0.0772444 0.0736488 0.29)
(0.0772531 0.080928 0.29)
(0.0772625 0.088859 0.29)
(0.0814849 -0.00200902 0.29)
(0.0814872 -0.00133772 0.29)
(0.0814896 -0.000606321 0.29)
(0.0814923 0.000190565 0.29)
(0.0814952 0.0010588 0.29)
(0.0814984 0.00200478 0.29)
(0.0815018 0.00303546 0.29)
(0.0815056 0.00415842 0.29)
(0.0815097 0.00538192 0.29)
(0.0815142 0.00671498 0.29)
(0.081519 0.00816739 0.29)
(0.0815243 0.00974984 0.29)
(0.0815301 0.011474 0.29)
(0.0815364 0.0133525 0.29)
(0.0815432 0.0153992 0.29)
(0.0815507 0.0176292 0.29)
(0.0815588 0.0200588 0.29)
(0.0815677 0.022706 0.29)
(0.0815774 0.0255902 0.29)
(0.0815879 0.0287326 0.29)
(0.0815994 0.0321564 0.29)
(0.0816118 0.0358868 0.29)
(0.0816255 0.0399512 0.29)
(0.0816403 0.0443794 0.29)
(0.0816564 0.0492042 0.29)
(0.081674 0.054461 0.29)
(0.0816932 0.0601884 0.29)
(0.0817141 0.0664286 0.29)
(0.0817369 0.0732276 0.29)
(0.0817617 0.0806353 0.29)
(0.0817887 0.0887063 0.29)
(0.0858574 -0.00362109 0.29)
(0.0858608 -0.00293892 0.29)
(0.0858645 -0.00219568 0.29)
(0.0858686 -0.00138588 0.29)
(0.085873 -0.000503575 0.29)
(0.0858778 0.000457726 0.29)
(0.0858831 0.0015051 0.29)
(0.0858888 0.00264625 0.29)
(0.085895 0.00388958 0.29)
(0.0859018 0.00524423 0.29)
(0.0859092 0.00672017 0.29)
(0.0859172 0.00832826 0.29)
(0.085926 0.0100803 0.29)
(0.0859356 0.0119893 0.29)
(0.085946 0.0140692 0.29)
(0.0859573 0.0163353 0.29)
(0.0859697 0.0188043 0.29)
(0.0859831 0.0214943 0.29)
(0.0859978 0.0244252 0.29)
(0.0860138 0.0276186 0.29)
(0.0860312 0.0310979 0.29)
(0.0860502 0.0348886 0.29)
(0.0860709 0.0390189 0.29)
(0.0860934 0.0435189 0.29)
(0.0861179 0.0484218 0.29)
(0.0861447 0.0537637 0.29)
(0.0861738 0.0595839 0.29)
(0.0862056 0.0659253 0.29)
(0.0862402 0.0728344 0.29)
(0.0862778 0.0803621 0.29)
(0.0863189 0.0885639 0.29)
(0.0902994 -0.00503048 0.29)
(0.0903035 -0.0043388 0.29)
(0.090308 -0.0035852 0.29)
(0.0903129 -0.00276411 0.29)
(0.0903182 -0.00186951 0.29)
(0.090324 -0.000894812 0.29)
(0.0903303 0.00016716 0.29)
(0.0903372 0.00132422 0.29)
(0.0903447 0.00258487 0.29)
(0.0903529 0.0039584 0.29)
(0.0903618 0.00545492 0.29)
(0.0903715 0.00708542 0.29)
(0.090382 0.00886192 0.29)
(0.0903935 0.0107975 0.29)
(0.0904061 0.0129063 0.29)
(0.0904197 0.015204 0.29)
(0.0904346 0.0177074 0.29)
(0.0904508 0.020435 0.29)
(0.0904685 0.0234068 0.29)
(0.0904878 0.0266446 0.29)
(0.0905087 0.0301724 0.29)
(0.0905316 0.034016 0.29)
(0.0905565 0.0382038 0.29)
(0.0905836 0.0427665 0.29)
(0.0906132 0.0477378 0.29)
(0.0906454 0.0531541 0.29)
(0.0906805 0.0590555 0.29)
(0.0907187 0.0654852 0.29)
(0.0907604 0.0724906 0.29)
(0.0908058 0.0801233 0.29)
(0.0908552 0.0884393 0.29)
(0.0948271 -0.00613327 0.29)
(0.0948314 -0.00543415 0.29)
(0.094836 -0.00467244 0.29)
(0.094841 -0.00384252 0.29)
(0.0948465 -0.0029383 0.29)
(0.0948524 -0.00195312 0.29)
(0.0948589 -0.000879723 0.29)
(0.094866 0.000289779 0.29)
(0.0948737 0.00156399 0.29)
(0.0948821 0.0029523 0.29)
(0.0948913 0.00446491 0.29)
(0.0949013 0.00611295 0.29)
(0.0949121 0.00790855 0.29)
(0.094924 0.00986493 0.29)
(0.0949369 0.0119965 0.29)
(0.094951 0.0143189 0.29)
(0.0949663 0.0168492 0.29)
(0.094983 0.0196061 0.29)
(0.0950011 0.0226098 0.29)
(0.095021 0.0258825 0.29)
(0.0950425 0.0294482 0.29)
(0.0950661 0.0333332 0.29)
(0.0950917 0.037566 0.29)
(0.0951196 0.0421778 0.29)
(0.09515 0.0472025 0.29)
(0.0951832 0.0526772 0.29)
(0.0952193 0.058642 0.29)
(0.0952586 0.0651408 0.29)
(0.0953015 0.0722216 0.29)
(0.0953482 0.0799364 0.29)
(0.0953991 0.0883419 0.29)
(0.0994377 -0.00680744 0.29)
(0.0994415 -0.00610378 0.29)
(0.0994456 -0.00533711 0.29)
(0.0994501 -0.00450179 0.29)
(0.0994551 -0.00359169 0.29)
(0.0994604 -0.0026001 0.29)
(0.0994662 -0.00151972 0.29)
(0.0994726 -0.00034261 0.29)
(0.0994795 0.000939894 0.29)
(0.099487 0.00233723 0.29)
(0.0994952 0.00385968 0.29)
(0.0995042 0.00551844 0.29)
(0.0995139 0.00732573 0.29)
(0.0995245 0.00929483 0.29)
(0.0995361 0.0114402 0.29)
(0.0995487 0.0137777 0.29)
(0.0995624 0.0163245 0.29)
(0.0995774 0.0190994 0.29)
(0.0995937 0.0221226 0.29)
(0.0996114 0.0254166 0.29)
(0.0996308 0.0290055 0.29)
(0.0996519 0.0329157 0.29)
(0.0996748 0.0371761 0.29)
(0.0996998 0.0418179 0.29)
(0.0997271 0.0468753 0.29)
(0.0997568 0.0523856 0.29)
(0.0997892 0.0583892 0.29)
(0.0998244 0.0649303 0.29)
(0.0998628 0.0720572 0.29)
(0.0999047 0.0798221 0.29)
(0.0999503 0.0882823 0.29)
(0.104094 -0.00701524 0.29)
(0.104097 -0.00631017 0.29)
(0.1041 -0.00554197 0.29)
(0.104104 -0.004705 0.29)
(0.104108 -0.00379308 0.29)
(0.104112 -0.00279951 0.29)
(0.104117 -0.00171698 0.29)
(0.104122 -0.000537527 0.29)
(0.104127 0.000747533 0.29)
(0.104134 0.00214765 0.29)
(0.10414 0.00367313 0.29)
(0.104147 0.0053352 0.29)
(0.104155 0.00714609 0.29)
(0.104164 0.00911911 0.29)
(0.104173 0.0112688 0.29)
(0.104183 0.013611 0.29)
(0.104194 0.0161628 0.29)
(0.104206 0.0189432 0.29)
(0.104219 0.0219725 0.29)
(0.104233 0.025273 0.29)
(0.104249 0.0288691 0.29)
(0.104266 0.0327871 0.29)
(0.104284 0.0370559 0.29)
(0.104304 0.041707 0.29)
(0.104326 0.0467745 0.29)
(0.10435 0.0522957 0.29)
(0.104376 0.0583113 0.29)
(0.104404 0.0648655 0.29)
(0.104435 0.0720065 0.29)
(0.104469 0.0797869 0.29)
(0.104506 0.0882639 0.29)
(0.108753 -0.00688111 0.29)
(0.108756 -0.00617695 0.29)
(0.108758 -0.00540974 0.29)
(0.108761 -0.00457384 0.29)
(0.108764 -0.00366309 0.29)
(0.108767 -0.0026708 0.29)
(0.10877 -0.00158966 0.29)
(0.108774 -0.000411715 0.29)
(0.108778 0.000871696 0.29)
(0.108783 0.00227002 0.29)
(0.108788 0.00379354 0.29)
(0.108793 0.00545348 0.29)
(0.108799 0.00726204 0.29)
(0.108805 0.00923253 0.29)
(0.108812 0.0113795 0.29)
(0.10882 0.0137186 0.29)
(0.108828 0.0162672 0.29)
(0.108837 0.019044 0.29)
(0.108847 0.0220694 0.29)
(0.108858 0.0253657 0.29)
(0.108869 0.0289571 0.29)
(0.108882 0.0328701 0.29)
(0.108896 0.0371335 0.29)
(0.108911 0.0417786 0.29)
(0.108927 0.0468396 0.29)
(0.108945 0.0523537 0.29)
(0.108964 0.0583616 0.29)
(0.108985 0.0649073 0.29)
(0.109009 0.0720392 0.29)
(0.109034 0.0798096 0.29)
(0.109061 0.0882758 0.29)
(0.113396 -0.00646246 0.29)
(0.113398 -0.00576113 0.29)
(0.113399 -0.00499699 0.29)
(0.113401 -0.00416444 0.29)
(0.113403 -0.00325735 0.29)
(0.113406 -0.00226903 0.29)
(0.113408 -0.00119223 0.29)
(0.113411 -1.90134e-05 0.29)
(0.113414 0.00125925 0.29)
(0.113417 0.00265196 0.29)
(0.113421 0.00416938 0.29)
(0.113424 0.00582266 0.29)
(0.113428 0.00762396 0.29)
(0.113433 0.00958655 0.29)
(0.113438 0.0117249 0.29)
(0.113443 0.0140546 0.29)
(0.113449 0.016593 0.29)
(0.113456 0.0193587 0.29)
(0.113463 0.0223719 0.29)
(0.11347 0.025655 0.29)
(0.113478 0.029232 0.29)
(0.113487 0.0331293 0.29)
(0.113497 0.0373756 0.29)
(0.113508 0.0420021 0.29)
(0.11352 0.0470428 0.29)
(0.113532 0.0525348 0.29)
(0.113546 0.0585185 0.29)
(0.113561 0.0650381 0.29)
(0.113578 0.0721413 0.29)
(0.113596 0.0798806 0.29)
(0.113615 0.0883128 0.29)
(0.118013 -0.00581731 0.29)
(0.118014 -0.00512032 0.29)
(0.118015 -0.00436093 0.29)
(0.118016 -0.00353355 0.29)
(0.118018 -0.00263208 0.29)
(0.118019 -0.0016499 0.29)
(0.118021 -0.000579781 0.29)
(0.118023 0.000586156 0.29)
(0.118025 0.00185649 0.29)
(0.118027 0.00324056 0.29)
(0.11803 0.00474855 0.29)
(0.118033 0.00639157 0.29)
(0.118036 0.0081817 0.29)
(0.118039 0.0101321 0.29)
(0.118042 0.0122572 0.29)
(0.118046 0.0145725 0.29)
(0.11805 0.0170951 0.29)
(0.118055 0.0198436 0.29)
(0.11806 0.0228382 0.29)
(0.118065 0.0261009 0.29)
(0.118071 0.0296557 0.29)
(0.118077 0.0335288 0.29)
(0.118084 0.0377487 0.29)
(0.118091 0.0423465 0.29)
(0.1181 0.0473559 0.29)
(0.118109 0.0528138 0.29)
(0.118118 0.0587604 0.29)
(0.118129 0.0652395 0.29)
(0.118141 0.0722987 0.29)
(0.118153 0.0799899 0.29)
(0.118167 0.0883698 0.29)
(0.122602 -0.00500209 0.29)
(0.122603 -0.0043106 0.29)
(0.122604 -0.00355721 0.29)
(0.122605 -0.00273635 0.29)
(0.122606 -0.001842 0.29)
(0.122607 -0.000867567 0.29)
(0.122609 0.00019411 0.29)
(0.12261 0.00135085 0.29)
(0.122612 0.00261115 0.29)
(0.122613 0.0039843 0.29)
(0.122615 0.0054804 0.29)
(0.122617 0.00711046 0.29)
(0.122619 0.00888646 0.29)
(0.122622 0.0108215 0.29)
(0.122624 0.0129298 0.29)
(0.122627 0.0152268 0.29)
(0.12263 0.0177295 0.29)
(0.122633 0.0204563 0.29)
(0.122637 0.0234273 0.29)
(0.122641 0.0266642 0.29)
(0.122645 0.030191 0.29)
(0.12265 0.0340336 0.29)
(0.122655 0.0382202 0.29)
(0.122661 0.0427816 0.29)
(0.122667 0.0477515 0.29)
(0.122673 0.0531664 0.29)
(0.12268 0.0590661 0.29)
(0.122688 0.0654941 0.29)
(0.122697 0.0724975 0.29)
(0.122706 0.0801281 0.29)
(0.122716 0.0884418 0.29)
(0.12717 -0.00407031 0.29)
(0.12717 -0.00338511 0.29)
(0.127171 -0.00263856 0.29)
(0.127172 -0.00182517 0.29)
(0.127173 -0.000938947 0.29)
(0.127174 2.66257e-05 0.29)
(0.127175 0.00107865 0.29)
(0.127176 0.00222487 0.29)
(0.127177 0.00347372 0.29)
(0.127179 0.00483439 0.29)
(0.12718 0.00631689 0.29)
(0.127182 0.00793213 0.29)
(0.127184 0.00969199 0.29)
(0.127186 0.0116094 0.29)
(0.127188 0.0136985 0.29)
(0.12719 0.0159747 0.29)
(0.127193 0.0184547 0.29)
(0.127195 0.0211567 0.29)
(0.127198 0.0241006 0.29)
(0.127202 0.0273081 0.29)
(0.127205 0.0308029 0.29)
(0.127209 0.0346105 0.29)
(0.127213 0.0387591 0.29)
(0.127218 0.0432791 0.29)
(0.127223 0.0482038 0.29)
(0.127228 0.0535694 0.29)
(0.127234 0.0594155 0.29)
(0.127241 0.065785 0.29)
(0.127248 0.0727248 0.29)
(0.127255 0.080286 0.29)
(0.127264 0.0885242 0.29)
(0.131723 -0.00307265 0.29)
(0.131724 -0.00239418 0.29)
(0.131725 -0.00165496 0.29)
(0.131725 -0.000849558 0.29)
(0.131726 2.79596e-05 0.29)
(0.131727 0.000984048 0.29)
(0.131728 0.00202574 0.29)
(0.131729 0.0031607 0.29)
(0.13173 0.00439729 0.29)
(0.131732 0.00574459 0.29)
(0.131733 0.00721253 0.29)
(0.131734 0.0088119 0.29)
(0.131736 0.0105545 0.29)
(0.131738 0.0124531 0.29)
(0.13174 0.0145217 0.29)
(0.131742 0.0167755 0.29)
(0.131744 0.0192311 0.29)
(0.131747 0.0219065 0.29)
(0.13175 0.0248216 0.29)
(0.131753 0.0279976 0.29)
(0.131756 0.031458 0.29)
(0.131759 0.0352282 0.29)
(0.131763 0.039336 0.29)
(0.131767 0.0438116 0.29)
(0.131772 0.048688 0.29)
(0.131777 0.0540009 0.29)
(0.131783 0.0597896 0.29)
(0.131789 0.0660965 0.29)
(0.131795 0.0729682 0.29)
(0.131802 0.0804551 0.29)
(0.13181 0.0886124 0.29)
(0.136273 -0.00205791 0.29)
(0.136274 -0.00138628 0.29)
(0.136274 -0.000654522 0.29)
(0.136275 0.000142756 0.29)
(0.136276 0.00101142 0.29)
(0.136277 0.00195786 0.29)
(0.136278 0.00298904 0.29)
(0.136279 0.00411256 0.29)
(0.13628 0.00533666 0.29)
(0.136281 0.00667037 0.29)
(0.136282 0.0081235 0.29)
(0.136284 0.00970673 0.29)
(0.136285 0.0114317 0.29)
(0.136287 0.0133112 0.29)
(0.136289 0.0153589 0.29)
(0.136291 0.01759 0.29)
(0.136293 0.0200208 0.29)
(0.136295 0.0226693 0.29)
(0.136298 0.0255549 0.29)
(0.136301 0.0286989 0.29)
(0.136304 0.0321243 0.29)
(0.136307 0.0358565 0.29)
(0.136311 0.0399229 0.29)
(0.136315 0.0443533 0.29)
(0.13632 0.0491805 0.29)
(0.136324 0.0544398 0.29)
(0.13633 0.0601701 0.29)
(0.136335 0.0664134 0.29)
(0.136342 0.0732157 0.29)
(0.136348 0.0806271 0.29)
(0.136356 0.088702 0.29)
(0.140829 -0.00107437 0.29)
(0.14083 -0.000409382 0.29)
(0.140831 0.000315148 0.29)
(0.140831 0.00110455 0.29)
(0.140832 0.00196463 0.29)
(0.140833 0.00290172 0.29)
(0.140834 0.00392272 0.29)
(0.140834 0.00503513 0.29)
(0.140835 0.00624715 0.29)
(0.140836 0.00756768 0.29)
(0.140838 0.00900645 0.29)
(0.140839 0.010574 0.29)
(0.14084 0.012282 0.29)
(0.140842 0.0141429 0.29)
(0.140843 0.0161704 0.29)
(0.140845 0.0183794 0.29)
(0.140847 0.0207862 0.29)
(0.140849 0.0234085 0.29)
(0.140852 0.0262656 0.29)
(0.140854 0.0293785 0.29)
(0.140857 0.0327702 0.29)
(0.14086 0.0364655 0.29)
(0.140863 0.0404917 0.29)
(0.140867 0.0448784 0.29)
(0.14087 0.0496578 0.29)
(0.140875 0.0548652 0.29)
(0.140879 0.0605388 0.29)
(0.140884 0.0667205 0.29)
(0.14089 0.0734556 0.29)
(0.140896 0.0807937 0.29)
(0.140902 0.0887889 0.29)
(0.145403 -0.000171268 0.29)
(0.145403 0.000487628 0.29)
(0.145403 0.00120552 0.29)
(0.145404 0.00198769 0.29)
(0.145404 0.00283989 0.29)
(0.145405 0.0037684 0.29)
(0.145405 0.00478004 0.29)
(0.145406 0.00588226 0.29)
(0.145407 0.00708317 0.29)
(0.145407 0.00839161 0.29)
(0.145408 0.0098172 0.29)
(0.145409 0.0113704 0.29)
(0.14541 0.0130627 0.29)
(0.145411 0.0149066 0.29)
(0.145412 0.0169155 0.29)
(0.145413 0.0191043 0.29)
(0.145414 0.021489 0.29)
(0.145416 0.0240873 0.29)
(0.145417 0.0269182 0.29)
(0.145419 0.0300026 0.29)
(0.145421 0.0333632 0.29)
(0.145422 0.0370247 0.29)
(0.145425 0.041014 0.29)
(0.145427 0.0453605 0.29)
(0.145429 0.0500961 0.29)
(0.145432 0.0552558 0.29)
(0.145435 0.0608775 0.29)
(0.145438 0.0670025 0.29)
(0.145442 0.0736759 0.29)
(0.145446 0.0809468 0.29)
(0.14545 0.0888688 0.29)
)


// ************************************************************************* //
