/*--------------------------------*- C++ -*----------------------------------*\
  =========                 |
  \\      /  F ield         | OpenFOAM: The Open Source CFD Toolbox
   \\    /   O peration     | Website:  https://openfoam.org
    \\  /    A nd           | Version:  7
     \\/     M anipulation  |
\*---------------------------------------------------------------------------*/
FoamFile
{
    version     2.0;
    format      ascii;
    class       faceList;
    location    "constant/polyMesh";
    object      faces;
}
// * * * * * * * * * * * * * * * * * * * * * * * * * * * * * * * * * * * * * //


1559
(
4(81 155 498 156)
4(8 156 498 82)
4(80 154 499 157)
4(156 157 499 498)
4(79 153 500 158)
4(157 158 500 499)
4(78 152 501 159)
4(158 159 501 500)
4(77 151 502 160)
4(159 160 502 501)
4(76 150 503 161)
4(160 161 503 502)
4(75 149 504 162)
4(161 162 504 503)
4(74 148 505 163)
4(162 163 505 504)
4(73 147 506 164)
4(163 164 506 505)
4(72 146 507 165)
4(164 165 507 506)
4(71 145 508 166)
4(165 166 508 507)
4(70 144 509 167)
4(166 167 509 508)
4(69 143 510 168)
4(167 168 510 509)
4(68 142 511 169)
4(168 169 511 510)
4(67 141 512 170)
4(169 170 512 511)
4(66 140 513 171)
4(170 171 513 512)
4(65 139 514 172)
4(171 172 514 513)
4(64 138 515 173)
4(172 173 515 514)
4(173 63 137 515)
4(156 498 516 174)
4(9 174 516 83)
4(157 499 517 175)
4(174 175 517 516)
4(158 500 518 176)
4(175 176 518 517)
4(159 501 519 177)
4(176 177 519 518)
4(160 502 520 178)
4(177 178 520 519)
4(161 503 521 179)
4(178 179 521 520)
4(162 504 522 180)
4(179 180 522 521)
4(163 505 523 181)
4(180 181 523 522)
4(164 506 524 182)
4(181 182 524 523)
4(165 507 525 183)
4(182 183 525 524)
4(166 508 526 184)
4(183 184 526 525)
4(167 509 527 185)
4(184 185 527 526)
4(168 510 528 186)
4(185 186 528 527)
4(169 511 529 187)
4(186 187 529 528)
4(170 512 530 188)
4(187 188 530 529)
4(171 513 531 189)
4(188 189 531 530)
4(172 514 532 190)
4(189 190 532 531)
4(173 515 533 191)
4(190 191 533 532)
4(191 62 136 533)
4(174 516 534 192)
4(10 192 534 84)
4(175 517 535 193)
4(192 193 535 534)
4(176 518 536 194)
4(193 194 536 535)
4(177 519 537 195)
4(194 195 537 536)
4(178 520 538 196)
4(195 196 538 537)
4(179 521 539 197)
4(196 197 539 538)
4(180 522 540 198)
4(197 198 540 539)
4(181 523 541 199)
4(198 199 541 540)
4(182 524 542 200)
4(199 200 542 541)
4(183 525 543 201)
4(200 201 543 542)
4(184 526 544 202)
4(201 202 544 543)
4(185 527 545 203)
4(202 203 545 544)
4(186 528 546 204)
4(203 204 546 545)
4(187 529 547 205)
4(204 205 547 546)
4(188 530 548 206)
4(205 206 548 547)
4(189 531 549 207)
4(206 207 549 548)
4(190 532 550 208)
4(207 208 550 549)
4(191 533 551 209)
4(208 209 551 550)
4(209 61 135 551)
4(192 534 552 210)
4(11 210 552 85)
4(193 535 553 211)
4(210 211 553 552)
4(194 536 554 212)
4(211 212 554 553)
4(195 537 555 213)
4(212 213 555 554)
4(196 538 556 214)
4(213 214 556 555)
4(197 539 557 215)
4(214 215 557 556)
4(198 540 558 216)
4(215 216 558 557)
4(199 541 559 217)
4(216 217 559 558)
4(200 542 560 218)
4(217 218 560 559)
4(201 543 561 219)
4(218 219 561 560)
4(202 544 562 220)
4(219 220 562 561)
4(203 545 563 221)
4(220 221 563 562)
4(204 546 564 222)
4(221 222 564 563)
4(205 547 565 223)
4(222 223 565 564)
4(206 548 566 224)
4(223 224 566 565)
4(207 549 567 225)
4(224 225 567 566)
4(208 550 568 226)
4(225 226 568 567)
4(209 551 569 227)
4(226 227 569 568)
4(227 60 134 569)
4(210 552 570 228)
4(12 228 570 86)
4(211 553 571 229)
4(228 229 571 570)
4(212 554 572 230)
4(229 230 572 571)
4(213 555 573 231)
4(230 231 573 572)
4(214 556 574 232)
4(231 232 574 573)
4(215 557 575 233)
4(232 233 575 574)
4(216 558 576 234)
4(233 234 576 575)
4(217 559 577 235)
4(234 235 577 576)
4(218 560 578 236)
4(235 236 578 577)
4(219 561 579 237)
4(236 237 579 578)
4(220 562 580 238)
4(237 238 580 579)
4(221 563 581 239)
4(238 239 581 580)
4(222 564 582 240)
4(239 240 582 581)
4(223 565 583 241)
4(240 241 583 582)
4(224 566 584 242)
4(241 242 584 583)
4(225 567 585 243)
4(242 243 585 584)
4(226 568 586 244)
4(243 244 586 585)
4(227 569 587 245)
4(244 245 587 586)
4(245 59 133 587)
4(228 570 588 246)
4(13 246 588 87)
4(229 571 589 247)
4(246 247 589 588)
4(230 572 590 248)
4(247 248 590 589)
4(231 573 591 249)
4(248 249 591 590)
4(232 574 592 250)
4(249 250 592 591)
4(233 575 593 251)
4(250 251 593 592)
4(234 576 594 252)
4(251 252 594 593)
4(235 577 595 253)
4(252 253 595 594)
4(236 578 596 254)
4(253 254 596 595)
4(237 579 597 255)
4(254 255 597 596)
4(238 580 598 256)
4(255 256 598 597)
4(239 581 599 257)
4(256 257 599 598)
4(240 582 600 258)
4(257 258 600 599)
4(241 583 601 259)
4(258 259 601 600)
4(242 584 602 260)
4(259 260 602 601)
4(243 585 603 261)
4(260 261 603 602)
4(244 586 604 262)
4(261 262 604 603)
4(245 587 605 263)
4(262 263 605 604)
4(263 58 132 605)
4(246 588 606 264)
4(14 264 606 88)
4(247 589 607 265)
4(264 265 607 606)
4(248 590 608 266)
4(265 266 608 607)
4(249 591 609 267)
4(266 267 609 608)
4(250 592 610 268)
4(267 268 610 609)
4(251 593 611 269)
4(268 269 611 610)
4(252 594 612 270)
4(269 270 612 611)
4(253 595 613 271)
4(270 271 613 612)
4(254 596 614 272)
4(271 272 614 613)
4(255 597 615 273)
4(272 273 615 614)
4(256 598 616 274)
4(273 274 616 615)
4(257 599 617 275)
4(274 275 617 616)
4(258 600 618 276)
4(275 276 618 617)
4(259 601 619 277)
4(276 277 619 618)
4(260 602 620 278)
4(277 278 620 619)
4(261 603 621 279)
4(278 279 621 620)
4(262 604 622 280)
4(279 280 622 621)
4(263 605 623 281)
4(280 281 623 622)
4(281 57 131 623)
4(264 606 624 282)
4(15 282 624 89)
4(265 607 625 283)
4(282 283 625 624)
4(266 608 626 284)
4(283 284 626 625)
4(267 609 627 285)
4(284 285 627 626)
4(268 610 628 286)
4(285 286 628 627)
4(269 611 629 287)
4(286 287 629 628)
4(270 612 630 288)
4(287 288 630 629)
4(271 613 631 289)
4(288 289 631 630)
4(272 614 632 290)
4(289 290 632 631)
4(273 615 633 291)
4(290 291 633 632)
4(274 616 634 292)
4(291 292 634 633)
4(275 617 635 293)
4(292 293 635 634)
4(276 618 636 294)
4(293 294 636 635)
4(277 619 637 295)
4(294 295 637 636)
4(278 620 638 296)
4(295 296 638 637)
4(279 621 639 297)
4(296 297 639 638)
4(280 622 640 298)
4(297 298 640 639)
4(281 623 641 299)
4(298 299 641 640)
4(299 56 130 641)
4(282 624 642 300)
4(16 300 642 90)
4(283 625 643 301)
4(300 301 643 642)
4(284 626 644 302)
4(301 302 644 643)
4(285 627 645 303)
4(302 303 645 644)
4(286 628 646 304)
4(303 304 646 645)
4(287 629 647 305)
4(304 305 647 646)
4(288 630 648 306)
4(305 306 648 647)
4(289 631 649 307)
4(306 307 649 648)
4(290 632 650 308)
4(307 308 650 649)
4(291 633 651 309)
4(308 309 651 650)
4(292 634 652 310)
4(309 310 652 651)
4(293 635 653 311)
4(310 311 653 652)
4(294 636 654 312)
4(311 312 654 653)
4(295 637 655 313)
4(312 313 655 654)
4(296 638 656 314)
4(313 314 656 655)
4(297 639 657 315)
4(314 315 657 656)
4(298 640 658 316)
4(315 316 658 657)
4(299 641 659 317)
4(316 317 659 658)
4(317 55 129 659)
4(300 642 660 318)
4(17 318 660 91)
4(301 643 661 319)
4(318 319 661 660)
4(302 644 662 320)
4(319 320 662 661)
4(303 645 663 321)
4(320 321 663 662)
4(304 646 664 322)
4(321 322 664 663)
4(305 647 665 323)
4(322 323 665 664)
4(306 648 666 324)
4(323 324 666 665)
4(307 649 667 325)
4(324 325 667 666)
4(308 650 668 326)
4(325 326 668 667)
4(309 651 669 327)
4(326 327 669 668)
4(310 652 670 328)
4(327 328 670 669)
4(311 653 671 329)
4(328 329 671 670)
4(312 654 672 330)
4(329 330 672 671)
4(313 655 673 331)
4(330 331 673 672)
4(314 656 674 332)
4(331 332 674 673)
4(315 657 675 333)
4(332 333 675 674)
4(316 658 676 334)
4(333 334 676 675)
4(317 659 677 335)
4(334 335 677 676)
4(335 54 128 677)
4(318 660 678 336)
4(18 336 678 92)
4(319 661 679 337)
4(336 337 679 678)
4(320 662 680 338)
4(337 338 680 679)
4(321 663 681 339)
4(338 339 681 680)
4(322 664 682 340)
4(339 340 682 681)
4(323 665 683 341)
4(340 341 683 682)
4(324 666 684 342)
4(341 342 684 683)
4(325 667 685 343)
4(342 343 685 684)
4(326 668 686 344)
4(343 344 686 685)
4(327 669 687 345)
4(344 345 687 686)
4(328 670 688 346)
4(345 346 688 687)
4(329 671 689 347)
4(346 347 689 688)
4(330 672 690 348)
4(347 348 690 689)
4(331 673 691 349)
4(348 349 691 690)
4(332 674 692 350)
4(349 350 692 691)
4(333 675 693 351)
4(350 351 693 692)
4(334 676 694 352)
4(351 352 694 693)
4(335 677 695 353)
4(352 353 695 694)
4(353 53 127 695)
4(336 678 696 354)
4(19 354 696 93)
4(337 679 697 355)
4(354 355 697 696)
4(338 680 698 356)
4(355 356 698 697)
4(339 681 699 357)
4(356 357 699 698)
4(340 682 700 358)
4(357 358 700 699)
4(341 683 701 359)
4(358 359 701 700)
4(342 684 702 360)
4(359 360 702 701)
4(343 685 703 361)
4(360 361 703 702)
4(344 686 704 362)
4(361 362 704 703)
4(345 687 705 363)
4(362 363 705 704)
4(346 688 706 364)
4(363 364 706 705)
4(347 689 707 365)
4(364 365 707 706)
4(348 690 708 366)
4(365 366 708 707)
4(349 691 709 367)
4(366 367 709 708)
4(350 692 710 368)
4(367 368 710 709)
4(351 693 711 369)
4(368 369 711 710)
4(352 694 712 370)
4(369 370 712 711)
4(353 695 713 371)
4(370 371 713 712)
4(371 52 126 713)
4(354 696 714 372)
4(20 372 714 94)
4(355 697 715 373)
4(372 373 715 714)
4(356 698 716 374)
4(373 374 716 715)
4(357 699 717 375)
4(374 375 717 716)
4(358 700 718 376)
4(375 376 718 717)
4(359 701 719 377)
4(376 377 719 718)
4(360 702 720 378)
4(377 378 720 719)
4(361 703 721 379)
4(378 379 721 720)
4(362 704 722 380)
4(379 380 722 721)
4(363 705 723 381)
4(380 381 723 722)
4(364 706 724 382)
4(381 382 724 723)
4(365 707 725 383)
4(382 383 725 724)
4(366 708 726 384)
4(383 384 726 725)
4(367 709 727 385)
4(384 385 727 726)
4(368 710 728 386)
4(385 386 728 727)
4(369 711 729 387)
4(386 387 729 728)
4(370 712 730 388)
4(387 388 730 729)
4(371 713 731 389)
4(388 389 731 730)
4(389 51 125 731)
4(372 714 732 390)
4(21 390 732 95)
4(373 715 733 391)
4(390 391 733 732)
4(374 716 734 392)
4(391 392 734 733)
4(375 717 735 393)
4(392 393 735 734)
4(376 718 736 394)
4(393 394 736 735)
4(377 719 737 395)
4(394 395 737 736)
4(378 720 738 396)
4(395 396 738 737)
4(379 721 739 397)
4(396 397 739 738)
4(380 722 740 398)
4(397 398 740 739)
4(381 723 741 399)
4(398 399 741 740)
4(382 724 742 400)
4(399 400 742 741)
4(383 725 743 401)
4(400 401 743 742)
4(384 726 744 402)
4(401 402 744 743)
4(385 727 745 403)
4(402 403 745 744)
4(386 728 746 404)
4(403 404 746 745)
4(387 729 747 405)
4(404 405 747 746)
4(388 730 748 406)
4(405 406 748 747)
4(389 731 749 407)
4(406 407 749 748)
4(407 50 124 749)
4(390 732 750 408)
4(22 408 750 96)
4(391 733 751 409)
4(408 409 751 750)
4(392 734 752 410)
4(409 410 752 751)
4(393 735 753 411)
4(410 411 753 752)
4(394 736 754 412)
4(411 412 754 753)
4(395 737 755 413)
4(412 413 755 754)
4(396 738 756 414)
4(413 414 756 755)
4(397 739 757 415)
4(414 415 757 756)
4(398 740 758 416)
4(415 416 758 757)
4(399 741 759 417)
4(416 417 759 758)
4(400 742 760 418)
4(417 418 760 759)
4(401 743 761 419)
4(418 419 761 760)
4(402 744 762 420)
4(419 420 762 761)
4(403 745 763 421)
4(420 421 763 762)
4(404 746 764 422)
4(421 422 764 763)
4(405 747 765 423)
4(422 423 765 764)
4(406 748 766 424)
4(423 424 766 765)
4(407 749 767 425)
4(424 425 767 766)
4(425 49 123 767)
4(408 750 768 426)
4(23 426 768 97)
4(409 751 769 427)
4(426 427 769 768)
4(410 752 770 428)
4(427 428 770 769)
4(411 753 771 429)
4(428 429 771 770)
4(412 754 772 430)
4(429 430 772 771)
4(413 755 773 431)
4(430 431 773 772)
4(414 756 774 432)
4(431 432 774 773)
4(415 757 775 433)
4(432 433 775 774)
4(416 758 776 434)
4(433 434 776 775)
4(417 759 777 435)
4(434 435 777 776)
4(418 760 778 436)
4(435 436 778 777)
4(419 761 779 437)
4(436 437 779 778)
4(420 762 780 438)
4(437 438 780 779)
4(421 763 781 439)
4(438 439 781 780)
4(422 764 782 440)
4(439 440 782 781)
4(423 765 783 441)
4(440 441 783 782)
4(424 766 784 442)
4(441 442 784 783)
4(425 767 785 443)
4(442 443 785 784)
4(443 48 122 785)
4(426 768 786 444)
4(24 444 786 98)
4(427 769 787 445)
4(444 445 787 786)
4(428 770 788 446)
4(445 446 788 787)
4(429 771 789 447)
4(446 447 789 788)
4(430 772 790 448)
4(447 448 790 789)
4(431 773 791 449)
4(448 449 791 790)
4(432 774 792 450)
4(449 450 792 791)
4(433 775 793 451)
4(450 451 793 792)
4(434 776 794 452)
4(451 452 794 793)
4(435 777 795 453)
4(452 453 795 794)
4(436 778 796 454)
4(453 454 796 795)
4(437 779 797 455)
4(454 455 797 796)
4(438 780 798 456)
4(455 456 798 797)
4(439 781 799 457)
4(456 457 799 798)
4(440 782 800 458)
4(457 458 800 799)
4(441 783 801 459)
4(458 459 801 800)
4(442 784 802 460)
4(459 460 802 801)
4(443 785 803 461)
4(460 461 803 802)
4(461 47 121 803)
4(444 786 804 462)
4(25 462 804 99)
4(445 787 805 463)
4(462 463 805 804)
4(446 788 806 464)
4(463 464 806 805)
4(447 789 807 465)
4(464 465 807 806)
4(448 790 808 466)
4(465 466 808 807)
4(449 791 809 467)
4(466 467 809 808)
4(450 792 810 468)
4(467 468 810 809)
4(451 793 811 469)
4(468 469 811 810)
4(452 794 812 470)
4(469 470 812 811)
4(453 795 813 471)
4(470 471 813 812)
4(454 796 814 472)
4(471 472 814 813)
4(455 797 815 473)
4(472 473 815 814)
4(456 798 816 474)
4(473 474 816 815)
4(457 799 817 475)
4(474 475 817 816)
4(458 800 818 476)
4(475 476 818 817)
4(459 801 819 477)
4(476 477 819 818)
4(460 802 820 478)
4(477 478 820 819)
4(461 803 821 479)
4(478 479 821 820)
4(479 46 120 821)
4(462 804 822 480)
4(26 480 822 100)
4(463 805 823 481)
4(480 481 823 822)
4(464 806 824 482)
4(481 482 824 823)
4(465 807 825 483)
4(482 483 825 824)
4(466 808 826 484)
4(483 484 826 825)
4(467 809 827 485)
4(484 485 827 826)
4(468 810 828 486)
4(485 486 828 827)
4(469 811 829 487)
4(486 487 829 828)
4(470 812 830 488)
4(487 488 830 829)
4(471 813 831 489)
4(488 489 831 830)
4(472 814 832 490)
4(489 490 832 831)
4(473 815 833 491)
4(490 491 833 832)
4(474 816 834 492)
4(491 492 834 833)
4(475 817 835 493)
4(492 493 835 834)
4(476 818 836 494)
4(493 494 836 835)
4(477 819 837 495)
4(494 495 837 836)
4(478 820 838 496)
4(495 496 838 837)
4(479 821 839 497)
4(496 497 839 838)
4(497 45 119 839)
4(480 822 101 27)
4(481 823 102 28)
4(482 824 103 29)
4(483 825 104 30)
4(484 826 105 31)
4(485 827 106 32)
4(486 828 107 33)
4(487 829 108 34)
4(488 830 109 35)
4(489 831 110 36)
4(490 832 111 37)
4(491 833 112 38)
4(492 834 113 39)
4(493 835 114 40)
4(494 836 115 41)
4(495 837 116 42)
4(496 838 117 43)
4(497 839 118 44)
4(0 81 156 8)
4(81 80 157 156)
4(80 79 158 157)
4(79 78 159 158)
4(78 77 160 159)
4(77 76 161 160)
4(76 75 162 161)
4(75 74 163 162)
4(74 73 164 163)
4(73 72 165 164)
4(72 71 166 165)
4(71 70 167 166)
4(70 69 168 167)
4(69 68 169 168)
4(68 67 170 169)
4(67 66 171 170)
4(66 65 172 171)
4(65 64 173 172)
4(64 3 63 173)
4(8 156 174 9)
4(156 157 175 174)
4(157 158 176 175)
4(158 159 177 176)
4(159 160 178 177)
4(160 161 179 178)
4(161 162 180 179)
4(162 163 181 180)
4(163 164 182 181)
4(164 165 183 182)
4(165 166 184 183)
4(166 167 185 184)
4(167 168 186 185)
4(168 169 187 186)
4(169 170 188 187)
4(170 171 189 188)
4(171 172 190 189)
4(172 173 191 190)
4(173 63 62 191)
4(9 174 192 10)
4(174 175 193 192)
4(175 176 194 193)
4(176 177 195 194)
4(177 178 196 195)
4(178 179 197 196)
4(179 180 198 197)
4(180 181 199 198)
4(181 182 200 199)
4(182 183 201 200)
4(183 184 202 201)
4(184 185 203 202)
4(185 186 204 203)
4(186 187 205 204)
4(187 188 206 205)
4(188 189 207 206)
4(189 190 208 207)
4(190 191 209 208)
4(191 62 61 209)
4(10 192 210 11)
4(192 193 211 210)
4(193 194 212 211)
4(194 195 213 212)
4(195 196 214 213)
4(196 197 215 214)
4(197 198 216 215)
4(198 199 217 216)
4(199 200 218 217)
4(200 201 219 218)
4(201 202 220 219)
4(202 203 221 220)
4(203 204 222 221)
4(204 205 223 222)
4(205 206 224 223)
4(206 207 225 224)
4(207 208 226 225)
4(208 209 227 226)
4(209 61 60 227)
4(11 210 228 12)
4(210 211 229 228)
4(211 212 230 229)
4(212 213 231 230)
4(213 214 232 231)
4(214 215 233 232)
4(215 216 234 233)
4(216 217 235 234)
4(217 218 236 235)
4(218 219 237 236)
4(219 220 238 237)
4(220 221 239 238)
4(221 222 240 239)
4(222 223 241 240)
4(223 224 242 241)
4(224 225 243 242)
4(225 226 244 243)
4(226 227 245 244)
4(227 60 59 245)
4(12 228 246 13)
4(228 229 247 246)
4(229 230 248 247)
4(230 231 249 248)
4(231 232 250 249)
4(232 233 251 250)
4(233 234 252 251)
4(234 235 253 252)
4(235 236 254 253)
4(236 237 255 254)
4(237 238 256 255)
4(238 239 257 256)
4(239 240 258 257)
4(240 241 259 258)
4(241 242 260 259)
4(242 243 261 260)
4(243 244 262 261)
4(244 245 263 262)
4(245 59 58 263)
4(13 246 264 14)
4(246 247 265 264)
4(247 248 266 265)
4(248 249 267 266)
4(249 250 268 267)
4(250 251 269 268)
4(251 252 270 269)
4(252 253 271 270)
4(253 254 272 271)
4(254 255 273 272)
4(255 256 274 273)
4(256 257 275 274)
4(257 258 276 275)
4(258 259 277 276)
4(259 260 278 277)
4(260 261 279 278)
4(261 262 280 279)
4(262 263 281 280)
4(263 58 57 281)
4(14 264 282 15)
4(264 265 283 282)
4(265 266 284 283)
4(266 267 285 284)
4(267 268 286 285)
4(268 269 287 286)
4(269 270 288 287)
4(270 271 289 288)
4(271 272 290 289)
4(272 273 291 290)
4(273 274 292 291)
4(274 275 293 292)
4(275 276 294 293)
4(276 277 295 294)
4(277 278 296 295)
4(278 279 297 296)
4(279 280 298 297)
4(280 281 299 298)
4(281 57 56 299)
4(15 282 300 16)
4(282 283 301 300)
4(283 284 302 301)
4(284 285 303 302)
4(285 286 304 303)
4(286 287 305 304)
4(287 288 306 305)
4(288 289 307 306)
4(289 290 308 307)
4(290 291 309 308)
4(291 292 310 309)
4(292 293 311 310)
4(293 294 312 311)
4(294 295 313 312)
4(295 296 314 313)
4(296 297 315 314)
4(297 298 316 315)
4(298 299 317 316)
4(299 56 55 317)
4(16 300 318 17)
4(300 301 319 318)
4(301 302 320 319)
4(302 303 321 320)
4(303 304 322 321)
4(304 305 323 322)
4(305 306 324 323)
4(306 307 325 324)
4(307 308 326 325)
4(308 309 327 326)
4(309 310 328 327)
4(310 311 329 328)
4(311 312 330 329)
4(312 313 331 330)
4(313 314 332 331)
4(314 315 333 332)
4(315 316 334 333)
4(316 317 335 334)
4(317 55 54 335)
4(17 318 336 18)
4(318 319 337 336)
4(319 320 338 337)
4(320 321 339 338)
4(321 322 340 339)
4(322 323 341 340)
4(323 324 342 341)
4(324 325 343 342)
4(325 326 344 343)
4(326 327 345 344)
4(327 328 346 345)
4(328 329 347 346)
4(329 330 348 347)
4(330 331 349 348)
4(331 332 350 349)
4(332 333 351 350)
4(333 334 352 351)
4(334 335 353 352)
4(335 54 53 353)
4(18 336 354 19)
4(336 337 355 354)
4(337 338 356 355)
4(338 339 357 356)
4(339 340 358 357)
4(340 341 359 358)
4(341 342 360 359)
4(342 343 361 360)
4(343 344 362 361)
4(344 345 363 362)
4(345 346 364 363)
4(346 347 365 364)
4(347 348 366 365)
4(348 349 367 366)
4(349 350 368 367)
4(350 351 369 368)
4(351 352 370 369)
4(352 353 371 370)
4(353 53 52 371)
4(19 354 372 20)
4(354 355 373 372)
4(355 356 374 373)
4(356 357 375 374)
4(357 358 376 375)
4(358 359 377 376)
4(359 360 378 377)
4(360 361 379 378)
4(361 362 380 379)
4(362 363 381 380)
4(363 364 382 381)
4(364 365 383 382)
4(365 366 384 383)
4(366 367 385 384)
4(367 368 386 385)
4(368 369 387 386)
4(369 370 388 387)
4(370 371 389 388)
4(371 52 51 389)
4(20 372 390 21)
4(372 373 391 390)
4(373 374 392 391)
4(374 375 393 392)
4(375 376 394 393)
4(376 377 395 394)
4(377 378 396 395)
4(378 379 397 396)
4(379 380 398 397)
4(380 381 399 398)
4(381 382 400 399)
4(382 383 401 400)
4(383 384 402 401)
4(384 385 403 402)
4(385 386 404 403)
4(386 387 405 404)
4(387 388 406 405)
4(388 389 407 406)
4(389 51 50 407)
4(21 390 408 22)
4(390 391 409 408)
4(391 392 410 409)
4(392 393 411 410)
4(393 394 412 411)
4(394 395 413 412)
4(395 396 414 413)
4(396 397 415 414)
4(397 398 416 415)
4(398 399 417 416)
4(399 400 418 417)
4(400 401 419 418)
4(401 402 420 419)
4(402 403 421 420)
4(403 404 422 421)
4(404 405 423 422)
4(405 406 424 423)
4(406 407 425 424)
4(407 50 49 425)
4(22 408 426 23)
4(408 409 427 426)
4(409 410 428 427)
4(410 411 429 428)
4(411 412 430 429)
4(412 413 431 430)
4(413 414 432 431)
4(414 415 433 432)
4(415 416 434 433)
4(416 417 435 434)
4(417 418 436 435)
4(418 419 437 436)
4(419 420 438 437)
4(420 421 439 438)
4(421 422 440 439)
4(422 423 441 440)
4(423 424 442 441)
4(424 425 443 442)
4(425 49 48 443)
4(23 426 444 24)
4(426 427 445 444)
4(427 428 446 445)
4(428 429 447 446)
4(429 430 448 447)
4(430 431 449 448)
4(431 432 450 449)
4(432 433 451 450)
4(433 434 452 451)
4(434 435 453 452)
4(435 436 454 453)
4(436 437 455 454)
4(437 438 456 455)
4(438 439 457 456)
4(439 440 458 457)
4(440 441 459 458)
4(441 442 460 459)
4(442 443 461 460)
4(443 48 47 461)
4(24 444 462 25)
4(444 445 463 462)
4(445 446 464 463)
4(446 447 465 464)
4(447 448 466 465)
4(448 449 467 466)
4(449 450 468 467)
4(450 451 469 468)
4(451 452 470 469)
4(452 453 471 470)
4(453 454 472 471)
4(454 455 473 472)
4(455 456 474 473)
4(456 457 475 474)
4(457 458 476 475)
4(458 459 477 476)
4(459 460 478 477)
4(460 461 479 478)
4(461 47 46 479)
4(25 462 480 26)
4(462 463 481 480)
4(463 464 482 481)
4(464 465 483 482)
4(465 466 484 483)
4(466 467 485 484)
4(467 468 486 485)
4(468 469 487 486)
4(469 470 488 487)
4(470 471 489 488)
4(471 472 490 489)
4(472 473 491 490)
4(473 474 492 491)
4(474 475 493 492)
4(475 476 494 493)
4(476 477 495 494)
4(477 478 496 495)
4(478 479 497 496)
4(479 46 45 497)
4(26 480 27 1)
4(480 481 28 27)
4(481 482 29 28)
4(482 483 30 29)
4(483 484 31 30)
4(484 485 32 31)
4(485 486 33 32)
4(486 487 34 33)
4(487 488 35 34)
4(488 489 36 35)
4(489 490 37 36)
4(490 491 38 37)
4(491 492 39 38)
4(492 493 40 39)
4(493 494 41 40)
4(494 495 42 41)
4(495 496 43 42)
4(496 497 44 43)
4(497 45 2 44)
4(0 8 82 4)
4(8 9 83 82)
4(9 10 84 83)
4(10 11 85 84)
4(11 12 86 85)
4(12 13 87 86)
4(13 14 88 87)
4(14 15 89 88)
4(15 16 90 89)
4(16 17 91 90)
4(17 18 92 91)
4(18 19 93 92)
4(19 20 94 93)
4(20 21 95 94)
4(21 22 96 95)
4(22 23 97 96)
4(23 24 98 97)
4(24 25 99 98)
4(25 26 100 99)
4(26 1 5 100)
4(1 27 101 5)
4(27 28 102 101)
4(28 29 103 102)
4(29 30 104 103)
4(30 31 105 104)
4(31 32 106 105)
4(32 33 107 106)
4(33 34 108 107)
4(34 35 109 108)
4(35 36 110 109)
4(36 37 111 110)
4(37 38 112 111)
4(38 39 113 112)
4(39 40 114 113)
4(40 41 115 114)
4(41 42 116 115)
4(42 43 117 116)
4(43 44 118 117)
4(44 2 6 118)
4(3 7 137 63)
4(63 137 136 62)
4(62 136 135 61)
4(61 135 134 60)
4(60 134 133 59)
4(59 133 132 58)
4(58 132 131 57)
4(57 131 130 56)
4(56 130 129 55)
4(55 129 128 54)
4(54 128 127 53)
4(53 127 126 52)
4(52 126 125 51)
4(51 125 124 50)
4(50 124 123 49)
4(49 123 122 48)
4(48 122 121 47)
4(47 121 120 46)
4(46 120 119 45)
4(45 119 6 2)
4(0 4 155 81)
4(81 155 154 80)
4(80 154 153 79)
4(79 153 152 78)
4(78 152 151 77)
4(77 151 150 76)
4(76 150 149 75)
4(75 149 148 74)
4(74 148 147 73)
4(73 147 146 72)
4(72 146 145 71)
4(71 145 144 70)
4(70 144 143 69)
4(69 143 142 68)
4(68 142 141 67)
4(67 141 140 66)
4(66 140 139 65)
4(65 139 138 64)
4(64 138 7 3)
4(4 82 498 155)
4(155 498 499 154)
4(154 499 500 153)
4(153 500 501 152)
4(152 501 502 151)
4(151 502 503 150)
4(150 503 504 149)
4(149 504 505 148)
4(148 505 506 147)
4(147 506 507 146)
4(146 507 508 145)
4(145 508 509 144)
4(144 509 510 143)
4(143 510 511 142)
4(142 511 512 141)
4(141 512 513 140)
4(140 513 514 139)
4(139 514 515 138)
4(138 515 137 7)
4(82 83 516 498)
4(498 516 517 499)
4(499 517 518 500)
4(500 518 519 501)
4(501 519 520 502)
4(502 520 521 503)
4(503 521 522 504)
4(504 522 523 505)
4(505 523 524 506)
4(506 524 525 507)
4(507 525 526 508)
4(508 526 527 509)
4(509 527 528 510)
4(510 528 529 511)
4(511 529 530 512)
4(512 530 531 513)
4(513 531 532 514)
4(514 532 533 515)
4(515 533 136 137)
4(83 84 534 516)
4(516 534 535 517)
4(517 535 536 518)
4(518 536 537 519)
4(519 537 538 520)
4(520 538 539 521)
4(521 539 540 522)
4(522 540 541 523)
4(523 541 542 524)
4(524 542 543 525)
4(525 543 544 526)
4(526 544 545 527)
4(527 545 546 528)
4(528 546 547 529)
4(529 547 548 530)
4(530 548 549 531)
4(531 549 550 532)
4(532 550 551 533)
4(533 551 135 136)
4(84 85 552 534)
4(534 552 553 535)
4(535 553 554 536)
4(536 554 555 537)
4(537 555 556 538)
4(538 556 557 539)
4(539 557 558 540)
4(540 558 559 541)
4(541 559 560 542)
4(542 560 561 543)
4(543 561 562 544)
4(544 562 563 545)
4(545 563 564 546)
4(546 564 565 547)
4(547 565 566 548)
4(548 566 567 549)
4(549 567 568 550)
4(550 568 569 551)
4(551 569 134 135)
4(85 86 570 552)
4(552 570 571 553)
4(553 571 572 554)
4(554 572 573 555)
4(555 573 574 556)
4(556 574 575 557)
4(557 575 576 558)
4(558 576 577 559)
4(559 577 578 560)
4(560 578 579 561)
4(561 579 580 562)
4(562 580 581 563)
4(563 581 582 564)
4(564 582 583 565)
4(565 583 584 566)
4(566 584 585 567)
4(567 585 586 568)
4(568 586 587 569)
4(569 587 133 134)
4(86 87 588 570)
4(570 588 589 571)
4(571 589 590 572)
4(572 590 591 573)
4(573 591 592 574)
4(574 592 593 575)
4(575 593 594 576)
4(576 594 595 577)
4(577 595 596 578)
4(578 596 597 579)
4(579 597 598 580)
4(580 598 599 581)
4(581 599 600 582)
4(582 600 601 583)
4(583 601 602 584)
4(584 602 603 585)
4(585 603 604 586)
4(586 604 605 587)
4(587 605 132 133)
4(87 88 606 588)
4(588 606 607 589)
4(589 607 608 590)
4(590 608 609 591)
4(591 609 610 592)
4(592 610 611 593)
4(593 611 612 594)
4(594 612 613 595)
4(595 613 614 596)
4(596 614 615 597)
4(597 615 616 598)
4(598 616 617 599)
4(599 617 618 600)
4(600 618 619 601)
4(601 619 620 602)
4(602 620 621 603)
4(603 621 622 604)
4(604 622 623 605)
4(605 623 131 132)
4(88 89 624 606)
4(606 624 625 607)
4(607 625 626 608)
4(608 626 627 609)
4(609 627 628 610)
4(610 628 629 611)
4(611 629 630 612)
4(612 630 631 613)
4(613 631 632 614)
4(614 632 633 615)
4(615 633 634 616)
4(616 634 635 617)
4(617 635 636 618)
4(618 636 637 619)
4(619 637 638 620)
4(620 638 639 621)
4(621 639 640 622)
4(622 640 641 623)
4(623 641 130 131)
4(89 90 642 624)
4(624 642 643 625)
4(625 643 644 626)
4(626 644 645 627)
4(627 645 646 628)
4(628 646 647 629)
4(629 647 648 630)
4(630 648 649 631)
4(631 649 650 632)
4(632 650 651 633)
4(633 651 652 634)
4(634 652 653 635)
4(635 653 654 636)
4(636 654 655 637)
4(637 655 656 638)
4(638 656 657 639)
4(639 657 658 640)
4(640 658 659 641)
4(641 659 129 130)
4(90 91 660 642)
4(642 660 661 643)
4(643 661 662 644)
4(644 662 663 645)
4(645 663 664 646)
4(646 664 665 647)
4(647 665 666 648)
4(648 666 667 649)
4(649 667 668 650)
4(650 668 669 651)
4(651 669 670 652)
4(652 670 671 653)
4(653 671 672 654)
4(654 672 673 655)
4(655 673 674 656)
4(656 674 675 657)
4(657 675 676 658)
4(658 676 677 659)
4(659 677 128 129)
4(91 92 678 660)
4(660 678 679 661)
4(661 679 680 662)
4(662 680 681 663)
4(663 681 682 664)
4(664 682 683 665)
4(665 683 684 666)
4(666 684 685 667)
4(667 685 686 668)
4(668 686 687 669)
4(669 687 688 670)
4(670 688 689 671)
4(671 689 690 672)
4(672 690 691 673)
4(673 691 692 674)
4(674 692 693 675)
4(675 693 694 676)
4(676 694 695 677)
4(677 695 127 128)
4(92 93 696 678)
4(678 696 697 679)
4(679 697 698 680)
4(680 698 699 681)
4(681 699 700 682)
4(682 700 701 683)
4(683 701 702 684)
4(684 702 703 685)
4(685 703 704 686)
4(686 704 705 687)
4(687 705 706 688)
4(688 706 707 689)
4(689 707 708 690)
4(690 708 709 691)
4(691 709 710 692)
4(692 710 711 693)
4(693 711 712 694)
4(694 712 713 695)
4(695 713 126 127)
4(93 94 714 696)
4(696 714 715 697)
4(697 715 716 698)
4(698 716 717 699)
4(699 717 718 700)
4(700 718 719 701)
4(701 719 720 702)
4(702 720 721 703)
4(703 721 722 704)
4(704 722 723 705)
4(705 723 724 706)
4(706 724 725 707)
4(707 725 726 708)
4(708 726 727 709)
4(709 727 728 710)
4(710 728 729 711)
4(711 729 730 712)
4(712 730 731 713)
4(713 731 125 126)
4(94 95 732 714)
4(714 732 733 715)
4(715 733 734 716)
4(716 734 735 717)
4(717 735 736 718)
4(718 736 737 719)
4(719 737 738 720)
4(720 738 739 721)
4(721 739 740 722)
4(722 740 741 723)
4(723 741 742 724)
4(724 742 743 725)
4(725 743 744 726)
4(726 744 745 727)
4(727 745 746 728)
4(728 746 747 729)
4(729 747 748 730)
4(730 748 749 731)
4(731 749 124 125)
4(95 96 750 732)
4(732 750 751 733)
4(733 751 752 734)
4(734 752 753 735)
4(735 753 754 736)
4(736 754 755 737)
4(737 755 756 738)
4(738 756 757 739)
4(739 757 758 740)
4(740 758 759 741)
4(741 759 760 742)
4(742 760 761 743)
4(743 761 762 744)
4(744 762 763 745)
4(745 763 764 746)
4(746 764 765 747)
4(747 765 766 748)
4(748 766 767 749)
4(749 767 123 124)
4(96 97 768 750)
4(750 768 769 751)
4(751 769 770 752)
4(752 770 771 753)
4(753 771 772 754)
4(754 772 773 755)
4(755 773 774 756)
4(756 774 775 757)
4(757 775 776 758)
4(758 776 777 759)
4(759 777 778 760)
4(760 778 779 761)
4(761 779 780 762)
4(762 780 781 763)
4(763 781 782 764)
4(764 782 783 765)
4(765 783 784 766)
4(766 784 785 767)
4(767 785 122 123)
4(97 98 786 768)
4(768 786 787 769)
4(769 787 788 770)
4(770 788 789 771)
4(771 789 790 772)
4(772 790 791 773)
4(773 791 792 774)
4(774 792 793 775)
4(775 793 794 776)
4(776 794 795 777)
4(777 795 796 778)
4(778 796 797 779)
4(779 797 798 780)
4(780 798 799 781)
4(781 799 800 782)
4(782 800 801 783)
4(783 801 802 784)
4(784 802 803 785)
4(785 803 121 122)
4(98 99 804 786)
4(786 804 805 787)
4(787 805 806 788)
4(788 806 807 789)
4(789 807 808 790)
4(790 808 809 791)
4(791 809 810 792)
4(792 810 811 793)
4(793 811 812 794)
4(794 812 813 795)
4(795 813 814 796)
4(796 814 815 797)
4(797 815 816 798)
4(798 816 817 799)
4(799 817 818 800)
4(800 818 819 801)
4(801 819 820 802)
4(802 820 821 803)
4(803 821 120 121)
4(99 100 822 804)
4(804 822 823 805)
4(805 823 824 806)
4(806 824 825 807)
4(807 825 826 808)
4(808 826 827 809)
4(809 827 828 810)
4(810 828 829 811)
4(811 829 830 812)
4(812 830 831 813)
4(813 831 832 814)
4(814 832 833 815)
4(815 833 834 816)
4(816 834 835 817)
4(817 835 836 818)
4(818 836 837 819)
4(819 837 838 820)
4(820 838 839 821)
4(821 839 119 120)
4(100 5 101 822)
4(822 101 102 823)
4(823 102 103 824)
4(824 103 104 825)
4(825 104 105 826)
4(826 105 106 827)
4(827 106 107 828)
4(828 107 108 829)
4(829 108 109 830)
4(830 109 110 831)
4(831 110 111 832)
4(832 111 112 833)
4(833 112 113 834)
4(834 113 114 835)
4(835 114 115 836)
4(836 115 116 837)
4(837 116 117 838)
4(838 117 118 839)
4(839 118 6 119)
)


// ************************************************************************* //
