/*--------------------------------*- C++ -*----------------------------------*\
  =========                 |
  \\      /  F ield         | OpenFOAM: The Open Source CFD Toolbox
   \\    /   O peration     | Website:  https://openfoam.org
    \\  /    A nd           | Version:  7
     \\/     M anipulation  |
\*---------------------------------------------------------------------------*/
FoamFile
{
    version     2.0;
    format      ascii;
    class       vectorField;
    location    "constant/polyMesh";
    object      points;
}
// * * * * * * * * * * * * * * * * * * * * * * * * * * * * * * * * * * * * * //


840
(
(0 0 0)
(0.15 0 0)
(0.15 0.0975 0)
(0 0.0975 0)
(0 0 0.29)
(0.15 0 0.29)
(0.15 0.0975 0.29)
(0 0.0975 0.29)
(0.00757267 0.00135487 0)
(0.0150928 0.00297956 0)
(0.022603 0.00465017 0)
(0.0301494 0.00614636 0)
(0.0377641 0.00723511 0)
(0.0454426 0.00766339 0)
(0.0531109 0.00714145 0)
(0.0605992 0.00540276 0)
(0.0678649 0.00287783 0)
(0.075 -9.97871e-11 0)
(0.0821351 -0.00287783 0)
(0.0894008 -0.00540276 0)
(0.0968891 -0.00714145 0)
(0.104557 -0.00766339 0)
(0.112236 -0.00723511 0)
(0.119851 -0.00614636 0)
(0.127397 -0.00465017 0)
(0.134907 -0.00297956 0)
(0.142427 -0.00135487 0)
(0.15 0.0006049 0)
(0.15 0.00133295 0)
(0.15 0.00220923 0)
(0.15 0.00326392 0)
(0.15 0.00453334 0)
(0.15 0.0060612 0)
(0.15 0.00790013 0)
(0.15 0.0101135 0)
(0.15 0.0127774 0)
(0.15 0.0159837 0)
(0.15 0.0198428 0)
(0.15 0.0244876 0)
(0.15 0.030078 0)
(0.15 0.0368066 0)
(0.15 0.0449052 0)
(0.15 0.0546525 0)
(0.15 0.0663844 0)
(0.15 0.0805048 0)
(0.1425 0.0975 0)
(0.135 0.0975 0)
(0.1275 0.0975 0)
(0.12 0.0975 0)
(0.1125 0.0975 0)
(0.105 0.0975 0)
(0.0975 0.0975 0)
(0.09 0.0975 0)
(0.0825 0.0975 0)
(0.075 0.0975 0)
(0.0675 0.0975 0)
(0.06 0.0975 0)
(0.0525 0.0975 0)
(0.045 0.0975 0)
(0.0375 0.0975 0)
(0.03 0.0975 0)
(0.0225 0.0975 0)
(0.015 0.0975 0)
(0.0075 0.0975 0)
(0 0.0805048 0)
(0 0.0663844 0)
(0 0.0546525 0)
(0 0.0449052 0)
(0 0.0368066 0)
(0 0.030078 0)
(0 0.0244876 0)
(0 0.0198428 0)
(0 0.0159837 0)
(0 0.0127774 0)
(0 0.0101135 0)
(0 0.00790013 0)
(0 0.0060612 0)
(0 0.00453334 0)
(0 0.00326392 0)
(0 0.00220923 0)
(0 0.00133295 0)
(0 0.0006049 0)
(0.00757267 0.00135487 0.29)
(0.0150928 0.00297956 0.29)
(0.022603 0.00465017 0.29)
(0.0301494 0.00614636 0.29)
(0.0377641 0.00723511 0.29)
(0.0454426 0.00766339 0.29)
(0.0531109 0.00714145 0.29)
(0.0605992 0.00540276 0.29)
(0.0678649 0.00287783 0.29)
(0.075 -9.97871e-11 0.29)
(0.0821351 -0.00287783 0.29)
(0.0894008 -0.00540276 0.29)
(0.0968891 -0.00714145 0.29)
(0.104557 -0.00766339 0.29)
(0.112236 -0.00723511 0.29)
(0.119851 -0.00614636 0.29)
(0.127397 -0.00465017 0.29)
(0.134907 -0.00297956 0.29)
(0.142427 -0.00135487 0.29)
(0.15 0.0006049 0.29)
(0.15 0.00133295 0.29)
(0.15 0.00220923 0.29)
(0.15 0.00326392 0.29)
(0.15 0.00453334 0.29)
(0.15 0.0060612 0.29)
(0.15 0.00790013 0.29)
(0.15 0.0101135 0.29)
(0.15 0.0127774 0.29)
(0.15 0.0159837 0.29)
(0.15 0.0198428 0.29)
(0.15 0.0244876 0.29)
(0.15 0.030078 0.29)
(0.15 0.0368066 0.29)
(0.15 0.0449052 0.29)
(0.15 0.0546525 0.29)
(0.15 0.0663844 0.29)
(0.15 0.0805048 0.29)
(0.1425 0.0975 0.29)
(0.135 0.0975 0.29)
(0.1275 0.0975 0.29)
(0.12 0.0975 0.29)
(0.1125 0.0975 0.29)
(0.105 0.0975 0.29)
(0.0975 0.0975 0.29)
(0.09 0.0975 0.29)
(0.0825 0.0975 0.29)
(0.075 0.0975 0.29)
(0.0675 0.0975 0.29)
(0.06 0.0975 0.29)
(0.0525 0.0975 0.29)
(0.045 0.0975 0.29)
(0.0375 0.0975 0.29)
(0.03 0.0975 0.29)
(0.0225 0.0975 0.29)
(0.015 0.0975 0.29)
(0.0075 0.0975 0.29)
(0 0.0805048 0.29)
(0 0.0663844 0.29)
(0 0.0546525 0.29)
(0 0.0449052 0.29)
(0 0.0368066 0.29)
(0 0.030078 0.29)
(0 0.0244876 0.29)
(0 0.0198428 0.29)
(0 0.0159837 0.29)
(0 0.0127774 0.29)
(0 0.0101135 0.29)
(0 0.00790013 0.29)
(0 0.0060612 0.29)
(0 0.00453334 0.29)
(0 0.00326392 0.29)
(0 0.00220923 0.29)
(0 0.00133295 0.29)
(0 0.0006049 0.29)
(0.00757222 0.00195137 0)
(0.00757168 0.0026693 0)
(0.00757103 0.00353341 0)
(0.00757024 0.00457344 0)
(0.00756929 0.00582521 0)
(0.00756816 0.00733185 0)
(0.00756678 0.00914522 0)
(0.00756514 0.0113278 0)
(0.00756315 0.0139547 0)
(0.00756076 0.0171165 0)
(0.00755788 0.0209219 0)
(0.00755442 0.0255022 0)
(0.00755025 0.0310149 0)
(0.00754524 0.03765 0)
(0.0075392 0.045636 0)
(0.00753194 0.0552479 0)
(0.00752319 0.0668168 0)
(0.00751267 0.0807409 0)
(0.0150922 0.00356598 0)
(0.0150915 0.00427178 0)
(0.0150907 0.00512128 0)
(0.0150897 0.00614374 0)
(0.0150885 0.00737436 0)
(0.015087 0.00885554 0)
(0.0150853 0.0106383 0)
(0.0150832 0.012784 0)
(0.0150806 0.0153665 0)
(0.0150776 0.0184748 0)
(0.0150739 0.022216 0)
(0.0150695 0.0267188 0)
(0.0150642 0.0321384 0)
(0.0150578 0.0386614 0)
(0.0150501 0.0465124 0)
(0.0150408 0.0559619 0)
(0.0150296 0.0673353 0)
(0.0150162 0.0810241 0)
(0.0226023 0.00522622 0)
(0.0226016 0.00591955 0)
(0.0226006 0.00675404 0)
(0.0225995 0.00775843 0)
(0.0225982 0.0089673 0)
(0.0225966 0.0104223 0)
(0.0225946 0.0121735 0)
(0.0225923 0.0142813 0)
(0.0225895 0.0168182 0)
(0.0225861 0.0198715 0)
(0.022582 0.0235466 0)
(0.0225771 0.0279698 0)
(0.0225712 0.0332936 0)
(0.0225641 0.0397014 0)
(0.0225555 0.0474136 0)
(0.0225452 0.0566961 0)
(0.0225329 0.0678684 0)
(0.0225179 0.0813153 0)
(0.0301484 0.00671313 0)
(0.0301473 0.00739528 0)
(0.030146 0.00821632 0)
(0.0301444 0.00920452 0)
(0.0301424 0.0103939 0)
(0.0301401 0.0118255 0)
(0.0301373 0.0135485 0)
(0.0301339 0.0156223 0)
(0.0301298 0.0181183 0)
(0.0301249 0.0211225 0)
(0.030119 0.0247383 0)
(0.0301119 0.0290903 0)
(0.0301033 0.0343283 0)
(0.030093 0.0406327 0)
(0.0300806 0.0482207 0)
(0.0300656 0.0573536 0)
(0.0300477 0.0683459 0)
(0.030026 0.0815761 0)
(0.0377625 0.00779513 0)
(0.0377605 0.00846915 0)
(0.0377582 0.00928041 0)
(0.0377553 0.0102568 0)
(0.0377519 0.0114321 0)
(0.0377477 0.0128465 0)
(0.0377427 0.014549 0)
(0.0377367 0.0165981 0)
(0.0377295 0.0190643 0)
(0.0377208 0.0220327 0)
(0.0377104 0.0256054 0)
(0.0376978 0.0299056 0)
(0.0376827 0.0350812 0)
(0.0376644 0.0413105 0)
(0.0376425 0.048808 0)
(0.0376161 0.0578321 0)
(0.0375843 0.0686933 0)
(0.037546 0.0817659 0)
(0.0454398 0.00822075 0)
(0.0454365 0.00889158 0)
(0.0454325 0.00969899 0)
(0.0454277 0.0106708 0)
(0.045422 0.0118404 0)
(0.045415 0.0132482 0)
(0.0454067 0.0149426 0)
(0.0453966 0.0169819 0)
(0.0453846 0.0194365 0)
(0.04537 0.0223908 0)
(0.0453525 0.0259466 0)
(0.0453314 0.0302263 0)
(0.045306 0.0353773 0)
(0.0452755 0.0415771 0)
(0.0452387 0.0490391 0)
(0.0451945 0.0580203 0)
(0.0451412 0.06883 0)
(0.0450771 0.0818406 0)
(0.0531071 0.00770205 0)
(0.0531025 0.00837677 0)
(0.0530971 0.00918887 0)
(0.0530904 0.0101663 0)
(0.0530825 0.0113427 0)
(0.0530729 0.0127587 0)
(0.0530614 0.0144629 0)
(0.0530475 0.0165141 0)
(0.0530308 0.018983 0)
(0.0530107 0.0219544 0)
(0.0529866 0.0255308 0)
(0.0529575 0.0298354 0)
(0.0529224 0.0350164 0)
(0.0528803 0.0412522 0)
(0.0528295 0.0487575 0)
(0.0527685 0.0577909 0)
(0.052695 0.0686635 0)
(0.0526065 0.0817496 0)
(0.0605955 0.00597414 0)
(0.060591 0.00666185 0)
(0.0605856 0.00748957 0)
(0.0605792 0.00848582 0)
(0.0605714 0.00968489 0)
(0.060562 0.0111281 0)
(0.0605507 0.0128651 0)
(0.0605371 0.0149558 0)
(0.0605207 0.0174721 0)
(0.060501 0.0205008 0)
(0.0604773 0.024146 0)
(0.0604487 0.0285334 0)
(0.0604144 0.0338141 0)
(0.060373 0.0401698 0)
(0.0603232 0.0478196 0)
(0.0602633 0.0570268 0)
(0.0601912 0.0681086 0)
(0.0601044 0.0814465 0)
(0.0678627 0.00346488 0)
(0.0678599 0.00417144 0)
(0.0678567 0.00502186 0)
(0.0678527 0.00604542 0)
(0.067848 0.00727736 0)
(0.0678422 0.00876013 0)
(0.0678354 0.0105448 0)
(0.0678271 0.0126928 0)
(0.0678171 0.0152781 0)
(0.0678051 0.0183898 0)
(0.0677907 0.0221349 0)
(0.0677733 0.0266426 0)
(0.0677524 0.0320681 0)
(0.0677272 0.0385981 0)
(0.0676969 0.0464576 0)
(0.0676604 0.0559172 0)
(0.0676165 0.0673028 0)
(0.0675636 0.0810064 0)
(0.075 0.000604899 0)
(0.075 0.00133295 0)
(0.075 0.00220923 0)
(0.075 0.00326392 0)
(0.075 0.00453334 0)
(0.075 0.0060612 0)
(0.075 0.00790013 0)
(0.075 0.0101134 0)
(0.075 0.0127774 0)
(0.075 0.0159837 0)
(0.075 0.0198428 0)
(0.075 0.0244876 0)
(0.075 0.030078 0)
(0.075 0.0368066 0)
(0.075 0.0449052 0)
(0.075 0.0546525 0)
(0.075 0.0663844 0)
(0.075 0.0805048 0)
(0.0821373 -0.00225508 0)
(0.0821401 -0.00150554 0)
(0.0821433 -0.000603389 0)
(0.0821473 0.000482428 0)
(0.082152 0.00178931 0)
(0.0821578 0.00336227 0)
(0.0821646 0.00525548 0)
(0.0821729 0.00753413 0)
(0.0821829 0.0102767 0)
(0.0821949 0.0135776 0)
(0.0822093 0.0175506 0)
(0.0822267 0.0223325 0)
(0.0822476 0.028088 0)
(0.0822728 0.0350152 0)
(0.0823031 0.0433528 0)
(0.0823396 0.0533878 0)
(0.0823835 0.065466 0)
(0.0824364 0.0800031 0)
(0.0894045 -0.00476434 0)
(0.089409 -0.00399594 0)
(0.0894144 -0.0030711 0)
(0.0894208 -0.00195797 0)
(0.0894286 -0.000618215 0)
(0.089438 0.000994311 0)
(0.0894493 0.00293514 0)
(0.0894629 0.00527111 0)
(0.0894793 0.00808267 0)
(0.089499 0.0114666 0)
(0.0895227 0.0155396 0)
(0.0895513 0.0204417 0)
(0.0895856 0.026342 0)
(0.089627 0.0334434 0)
(0.0896768 0.0419907 0)
(0.0897367 0.0522782 0)
(0.0898088 0.0646602 0)
(0.0898956 0.079563 0)
(0.0968929 -0.00649225 0)
(0.0968975 -0.00571087 0)
(0.0969029 -0.0047704 0)
(0.0969096 -0.00363846 0)
(0.0969175 -0.00227607 0)
(0.0969271 -0.000636296 0)
(0.0969386 0.00133732 0)
(0.0969525 0.00371276 0)
(0.0969692 0.00657183 0)
(0.0969893 0.010013 0)
(0.0970134 0.0141547 0)
(0.0970425 0.0191397 0)
(0.0970776 0.0251396 0)
(0.0971197 0.0323611 0)
(0.0971705 0.0410528 0)
(0.0972315 0.0515141 0)
(0.097305 0.0641053 0)
(0.0973935 0.0792599 0)
(0.10456 -0.00701095 0)
(0.104563 -0.00622567 0)
(0.104567 -0.00528052 0)
(0.104572 -0.00414293 0)
(0.104578 -0.00277374 0)
(0.104585 -0.00112579 0)
(0.104593 0.000857674 0)
(0.104603 0.00324496 0)
(0.104615 0.00611829 0)
(0.10463 0.00957661 0)
(0.104648 0.013739 0)
(0.104669 0.0187489 0)
(0.104694 0.0247787 0)
(0.104725 0.0320362 0)
(0.104761 0.0407713 0)
(0.104806 0.0512847 0)
(0.104859 0.0639387 0)
(0.104923 0.079169 0)
(0.112238 -0.00658533 0)
(0.112239 -0.00580325 0)
(0.112242 -0.00486194 0)
(0.112245 -0.00372899 0)
(0.112248 -0.00236537 0)
(0.112252 -0.000724134 0)
(0.112257 0.00125125 0)
(0.112263 0.00362882 0)
(0.11227 0.00649044 0)
(0.112279 0.00993468 0)
(0.11229 0.0140801 0)
(0.112302 0.0190696 0)
(0.112317 0.0250749 0)
(0.112336 0.0323028 0)
(0.112358 0.0410023 0)
(0.112384 0.051473 0)
(0.112416 0.0640754 0)
(0.112454 0.0792436 0)
(0.119852 -0.00550333 0)
(0.119853 -0.00472938 0)
(0.119854 -0.00379785 0)
(0.119856 -0.00267668 0)
(0.119858 -0.00132724 0)
(0.11986 0.000296938 0)
(0.119863 0.00225179 0)
(0.119866 0.00460464 0)
(0.11987 0.00743652 0)
(0.119875 0.0108449 0)
(0.119881 0.0149473 0)
(0.119888 0.0198849 0)
(0.119897 0.0258278 0)
(0.119907 0.0329806 0)
(0.119919 0.0415896 0)
(0.119934 0.0519514 0)
(0.119952 0.0644229 0)
(0.119974 0.0794334 0)
(0.127398 -0.00401642 0)
(0.127398 -0.00325365 0)
(0.127399 -0.00233557 0)
(0.1274 -0.00123058 0)
(0.127402 9.93782e-05 0)
(0.127403 0.00170011 0)
(0.127405 0.00362674 0)
(0.127408 0.00594563 0)
(0.127411 0.00873663 0)
(0.127414 0.0120959 0)
(0.127418 0.016139 0)
(0.127423 0.0210053 0)
(0.127429 0.0268624 0)
(0.127436 0.0339119 0)
(0.127444 0.0423967 0)
(0.127455 0.0526089 0)
(0.127467 0.0649003 0)
(0.127482 0.0796942 0)
(0.134908 -0.00235618 0)
(0.134908 -0.00160588 0)
(0.134909 -0.000702815 0)
(0.13491 0.000384103 0)
(0.134912 0.00169231 0)
(0.134913 0.00326687 0)
(0.134915 0.00516199 0)
(0.134917 0.00744295 0)
(0.134919 0.0101883 0)
(0.134922 0.0134926 0)
(0.134926 0.0174696 0)
(0.134931 0.0222563 0)
(0.134936 0.0280176 0)
(0.134942 0.0349519 0)
(0.13495 0.0432979 0)
(0.134959 0.0533431 0)
(0.13497 0.0654335 0)
(0.134984 0.0799854 0)
(0.142428 -0.000741567 0)
(0.142428 -3.39594e-06 0)
(0.142429 0.000885062 0)
(0.14243 0.00195441 0)
(0.142431 0.00324146 0)
(0.142432 0.00479056 0)
(0.142433 0.00665504 0)
(0.142435 0.00889912 0)
(0.142437 0.0116001 0)
(0.142439 0.0148509 0)
(0.142442 0.0187637 0)
(0.142446 0.023473 0)
(0.14245 0.0291411 0)
(0.142455 0.0359632 0)
(0.142461 0.0441743 0)
(0.142468 0.0540571 0)
(0.142477 0.065952 0)
(0.142487 0.0802686 0)
(0.00757222 0.00195137 0.29)
(0.00757168 0.0026693 0.29)
(0.00757103 0.00353341 0.29)
(0.00757024 0.00457344 0.29)
(0.00756929 0.00582521 0.29)
(0.00756816 0.00733185 0.29)
(0.00756678 0.00914522 0.29)
(0.00756514 0.0113278 0.29)
(0.00756315 0.0139547 0.29)
(0.00756076 0.0171165 0.29)
(0.00755788 0.0209219 0.29)
(0.00755442 0.0255022 0.29)
(0.00755025 0.0310149 0.29)
(0.00754524 0.03765 0.29)
(0.0075392 0.045636 0.29)
(0.00753194 0.0552479 0.29)
(0.00752319 0.0668168 0.29)
(0.00751267 0.0807409 0.29)
(0.0150922 0.00356598 0.29)
(0.0150915 0.00427178 0.29)
(0.0150907 0.00512128 0.29)
(0.0150897 0.00614374 0.29)
(0.0150885 0.00737436 0.29)
(0.015087 0.00885554 0.29)
(0.0150853 0.0106383 0.29)
(0.0150832 0.012784 0.29)
(0.0150806 0.0153665 0.29)
(0.0150776 0.0184748 0.29)
(0.0150739 0.022216 0.29)
(0.0150695 0.0267188 0.29)
(0.0150642 0.0321384 0.29)
(0.0150578 0.0386614 0.29)
(0.0150501 0.0465124 0.29)
(0.0150408 0.0559619 0.29)
(0.0150296 0.0673353 0.29)
(0.0150162 0.0810241 0.29)
(0.0226023 0.00522622 0.29)
(0.0226016 0.00591955 0.29)
(0.0226006 0.00675404 0.29)
(0.0225995 0.00775843 0.29)
(0.0225982 0.0089673 0.29)
(0.0225966 0.0104223 0.29)
(0.0225946 0.0121735 0.29)
(0.0225923 0.0142813 0.29)
(0.0225895 0.0168182 0.29)
(0.0225861 0.0198715 0.29)
(0.022582 0.0235466 0.29)
(0.0225771 0.0279698 0.29)
(0.0225712 0.0332936 0.29)
(0.0225641 0.0397014 0.29)
(0.0225555 0.0474136 0.29)
(0.0225452 0.0566961 0.29)
(0.0225329 0.0678684 0.29)
(0.0225179 0.0813153 0.29)
(0.0301484 0.00671313 0.29)
(0.0301473 0.00739528 0.29)
(0.030146 0.00821632 0.29)
(0.0301444 0.00920452 0.29)
(0.0301424 0.0103939 0.29)
(0.0301401 0.0118255 0.29)
(0.0301373 0.0135485 0.29)
(0.0301339 0.0156223 0.29)
(0.0301298 0.0181183 0.29)
(0.0301249 0.0211225 0.29)
(0.030119 0.0247383 0.29)
(0.0301119 0.0290903 0.29)
(0.0301033 0.0343283 0.29)
(0.030093 0.0406327 0.29)
(0.0300806 0.0482207 0.29)
(0.0300656 0.0573536 0.29)
(0.0300477 0.0683459 0.29)
(0.030026 0.0815761 0.29)
(0.0377625 0.00779513 0.29)
(0.0377605 0.00846915 0.29)
(0.0377582 0.00928041 0.29)
(0.0377553 0.0102568 0.29)
(0.0377519 0.0114321 0.29)
(0.0377477 0.0128465 0.29)
(0.0377427 0.014549 0.29)
(0.0377367 0.0165981 0.29)
(0.0377295 0.0190643 0.29)
(0.0377208 0.0220327 0.29)
(0.0377104 0.0256054 0.29)
(0.0376978 0.0299056 0.29)
(0.0376827 0.0350812 0.29)
(0.0376644 0.0413105 0.29)
(0.0376425 0.048808 0.29)
(0.0376161 0.0578321 0.29)
(0.0375843 0.0686933 0.29)
(0.037546 0.0817659 0.29)
(0.0454398 0.00822075 0.29)
(0.0454365 0.00889158 0.29)
(0.0454325 0.00969899 0.29)
(0.0454277 0.0106708 0.29)
(0.045422 0.0118404 0.29)
(0.045415 0.0132482 0.29)
(0.0454067 0.0149426 0.29)
(0.0453966 0.0169819 0.29)
(0.0453846 0.0194365 0.29)
(0.04537 0.0223908 0.29)
(0.0453525 0.0259466 0.29)
(0.0453314 0.0302263 0.29)
(0.045306 0.0353773 0.29)
(0.0452755 0.0415771 0.29)
(0.0452387 0.0490391 0.29)
(0.0451945 0.0580203 0.29)
(0.0451412 0.06883 0.29)
(0.0450771 0.0818406 0.29)
(0.0531071 0.00770205 0.29)
(0.0531025 0.00837677 0.29)
(0.0530971 0.00918887 0.29)
(0.0530904 0.0101663 0.29)
(0.0530825 0.0113427 0.29)
(0.0530729 0.0127587 0.29)
(0.0530614 0.0144629 0.29)
(0.0530475 0.0165141 0.29)
(0.0530308 0.018983 0.29)
(0.0530107 0.0219544 0.29)
(0.0529866 0.0255308 0.29)
(0.0529575 0.0298354 0.29)
(0.0529224 0.0350164 0.29)
(0.0528803 0.0412522 0.29)
(0.0528295 0.0487575 0.29)
(0.0527685 0.0577909 0.29)
(0.052695 0.0686635 0.29)
(0.0526065 0.0817496 0.29)
(0.0605955 0.00597414 0.29)
(0.060591 0.00666185 0.29)
(0.0605856 0.00748957 0.29)
(0.0605792 0.00848582 0.29)
(0.0605714 0.00968489 0.29)
(0.060562 0.0111281 0.29)
(0.0605507 0.0128651 0.29)
(0.0605371 0.0149558 0.29)
(0.0605207 0.0174721 0.29)
(0.060501 0.0205008 0.29)
(0.0604773 0.024146 0.29)
(0.0604487 0.0285334 0.29)
(0.0604144 0.0338141 0.29)
(0.060373 0.0401698 0.29)
(0.0603232 0.0478196 0.29)
(0.0602633 0.0570268 0.29)
(0.0601912 0.0681086 0.29)
(0.0601044 0.0814465 0.29)
(0.0678627 0.00346488 0.29)
(0.0678599 0.00417144 0.29)
(0.0678567 0.00502186 0.29)
(0.0678527 0.00604542 0.29)
(0.067848 0.00727736 0.29)
(0.0678422 0.00876013 0.29)
(0.0678354 0.0105448 0.29)
(0.0678271 0.0126928 0.29)
(0.0678171 0.0152781 0.29)
(0.0678051 0.0183898 0.29)
(0.0677907 0.0221349 0.29)
(0.0677733 0.0266426 0.29)
(0.0677524 0.0320681 0.29)
(0.0677272 0.0385981 0.29)
(0.0676969 0.0464576 0.29)
(0.0676604 0.0559172 0.29)
(0.0676165 0.0673028 0.29)
(0.0675636 0.0810064 0.29)
(0.075 0.000604899 0.29)
(0.075 0.00133295 0.29)
(0.075 0.00220923 0.29)
(0.075 0.00326392 0.29)
(0.075 0.00453334 0.29)
(0.075 0.0060612 0.29)
(0.075 0.00790013 0.29)
(0.075 0.0101134 0.29)
(0.075 0.0127774 0.29)
(0.075 0.0159837 0.29)
(0.075 0.0198428 0.29)
(0.075 0.0244876 0.29)
(0.075 0.030078 0.29)
(0.075 0.0368066 0.29)
(0.075 0.0449052 0.29)
(0.075 0.0546525 0.29)
(0.075 0.0663844 0.29)
(0.075 0.0805048 0.29)
(0.0821373 -0.00225508 0.29)
(0.0821401 -0.00150554 0.29)
(0.0821433 -0.000603389 0.29)
(0.0821473 0.000482428 0.29)
(0.082152 0.00178931 0.29)
(0.0821578 0.00336227 0.29)
(0.0821646 0.00525548 0.29)
(0.0821729 0.00753413 0.29)
(0.0821829 0.0102767 0.29)
(0.0821949 0.0135776 0.29)
(0.0822093 0.0175506 0.29)
(0.0822267 0.0223325 0.29)
(0.0822476 0.028088 0.29)
(0.0822728 0.0350152 0.29)
(0.0823031 0.0433528 0.29)
(0.0823396 0.0533878 0.29)
(0.0823835 0.065466 0.29)
(0.0824364 0.0800031 0.29)
(0.0894045 -0.00476434 0.29)
(0.089409 -0.00399594 0.29)
(0.0894144 -0.0030711 0.29)
(0.0894208 -0.00195797 0.29)
(0.0894286 -0.000618215 0.29)
(0.089438 0.000994311 0.29)
(0.0894493 0.00293514 0.29)
(0.0894629 0.00527111 0.29)
(0.0894793 0.00808267 0.29)
(0.089499 0.0114666 0.29)
(0.0895227 0.0155396 0.29)
(0.0895513 0.0204417 0.29)
(0.0895856 0.026342 0.29)
(0.089627 0.0334434 0.29)
(0.0896768 0.0419907 0.29)
(0.0897367 0.0522782 0.29)
(0.0898088 0.0646602 0.29)
(0.0898956 0.079563 0.29)
(0.0968929 -0.00649225 0.29)
(0.0968975 -0.00571087 0.29)
(0.0969029 -0.0047704 0.29)
(0.0969096 -0.00363846 0.29)
(0.0969175 -0.00227607 0.29)
(0.0969271 -0.000636296 0.29)
(0.0969386 0.00133732 0.29)
(0.0969525 0.00371276 0.29)
(0.0969692 0.00657183 0.29)
(0.0969893 0.010013 0.29)
(0.0970134 0.0141547 0.29)
(0.0970425 0.0191397 0.29)
(0.0970776 0.0251396 0.29)
(0.0971197 0.0323611 0.29)
(0.0971705 0.0410528 0.29)
(0.0972315 0.0515141 0.29)
(0.097305 0.0641053 0.29)
(0.0973935 0.0792599 0.29)
(0.10456 -0.00701095 0.29)
(0.104563 -0.00622567 0.29)
(0.104567 -0.00528052 0.29)
(0.104572 -0.00414293 0.29)
(0.104578 -0.00277374 0.29)
(0.104585 -0.00112579 0.29)
(0.104593 0.000857674 0.29)
(0.104603 0.00324496 0.29)
(0.104615 0.00611829 0.29)
(0.10463 0.00957661 0.29)
(0.104648 0.013739 0.29)
(0.104669 0.0187489 0.29)
(0.104694 0.0247787 0.29)
(0.104725 0.0320362 0.29)
(0.104761 0.0407713 0.29)
(0.104806 0.0512847 0.29)
(0.104859 0.0639387 0.29)
(0.104923 0.079169 0.29)
(0.112238 -0.00658533 0.29)
(0.112239 -0.00580325 0.29)
(0.112242 -0.00486194 0.29)
(0.112245 -0.00372899 0.29)
(0.112248 -0.00236537 0.29)
(0.112252 -0.000724134 0.29)
(0.112257 0.00125125 0.29)
(0.112263 0.00362882 0.29)
(0.11227 0.00649044 0.29)
(0.112279 0.00993468 0.29)
(0.11229 0.0140801 0.29)
(0.112302 0.0190696 0.29)
(0.112317 0.0250749 0.29)
(0.112336 0.0323028 0.29)
(0.112358 0.0410023 0.29)
(0.112384 0.051473 0.29)
(0.112416 0.0640754 0.29)
(0.112454 0.0792436 0.29)
(0.119852 -0.00550333 0.29)
(0.119853 -0.00472938 0.29)
(0.119854 -0.00379785 0.29)
(0.119856 -0.00267668 0.29)
(0.119858 -0.00132724 0.29)
(0.11986 0.000296938 0.29)
(0.119863 0.00225179 0.29)
(0.119866 0.00460464 0.29)
(0.11987 0.00743652 0.29)
(0.119875 0.0108449 0.29)
(0.119881 0.0149473 0.29)
(0.119888 0.0198849 0.29)
(0.119897 0.0258278 0.29)
(0.119907 0.0329806 0.29)
(0.119919 0.0415896 0.29)
(0.119934 0.0519514 0.29)
(0.119952 0.0644229 0.29)
(0.119974 0.0794334 0.29)
(0.127398 -0.00401642 0.29)
(0.127398 -0.00325365 0.29)
(0.127399 -0.00233557 0.29)
(0.1274 -0.00123058 0.29)
(0.127402 9.93782e-05 0.29)
(0.127403 0.00170011 0.29)
(0.127405 0.00362674 0.29)
(0.127408 0.00594563 0.29)
(0.127411 0.00873663 0.29)
(0.127414 0.0120959 0.29)
(0.127418 0.016139 0.29)
(0.127423 0.0210053 0.29)
(0.127429 0.0268624 0.29)
(0.127436 0.0339119 0.29)
(0.127444 0.0423967 0.29)
(0.127455 0.0526089 0.29)
(0.127467 0.0649003 0.29)
(0.127482 0.0796942 0.29)
(0.134908 -0.00235618 0.29)
(0.134908 -0.00160588 0.29)
(0.134909 -0.000702815 0.29)
(0.13491 0.000384103 0.29)
(0.134912 0.00169231 0.29)
(0.134913 0.00326687 0.29)
(0.134915 0.00516199 0.29)
(0.134917 0.00744295 0.29)
(0.134919 0.0101883 0.29)
(0.134922 0.0134926 0.29)
(0.134926 0.0174696 0.29)
(0.134931 0.0222563 0.29)
(0.134936 0.0280176 0.29)
(0.134942 0.0349519 0.29)
(0.13495 0.0432979 0.29)
(0.134959 0.0533431 0.29)
(0.13497 0.0654335 0.29)
(0.134984 0.0799854 0.29)
(0.142428 -0.000741567 0.29)
(0.142428 -3.39594e-06 0.29)
(0.142429 0.000885062 0.29)
(0.14243 0.00195441 0.29)
(0.142431 0.00324146 0.29)
(0.142432 0.00479056 0.29)
(0.142433 0.00665504 0.29)
(0.142435 0.00889912 0.29)
(0.142437 0.0116001 0.29)
(0.142439 0.0148509 0.29)
(0.142442 0.0187637 0.29)
(0.142446 0.023473 0.29)
(0.14245 0.0291411 0.29)
(0.142455 0.0359632 0.29)
(0.142461 0.0441743 0.29)
(0.142468 0.0540571 0.29)
(0.142477 0.065952 0.29)
(0.142487 0.0802686 0.29)
)


// ************************************************************************* //
