/*--------------------------------*- C++ -*----------------------------------*\
  =========                 |
  \\      /  F ield         | OpenFOAM: The Open Source CFD Toolbox
   \\    /   O peration     | Website:  https://openfoam.org
    \\  /    A nd           | Version:  7
     \\/     M anipulation  |
\*---------------------------------------------------------------------------*/
FoamFile
{
    version     2.0;
    format      ascii;
    class       labelList;
    note        "nPoints:19796  nCells:9700  nFaces:38997  nInternalFaces:19203";
    location    "constant/polyMesh";
    object      neighbour;
}
// * * * * * * * * * * * * * * * * * * * * * * * * * * * * * * * * * * * * * //


19203
(
1
97
2
98
3
99
4
100
5
101
6
102
7
103
8
104
9
105
10
106
11
107
12
108
13
109
14
110
15
111
16
112
17
113
18
114
19
115
20
116
21
117
22
118
23
119
24
120
25
121
26
122
27
123
28
124
29
125
30
126
31
127
32
128
33
129
34
130
35
131
36
132
37
133
38
134
39
135
40
136
41
137
42
138
43
139
44
140
45
141
46
142
47
143
48
144
49
145
50
146
51
147
52
148
53
149
54
150
55
151
56
152
57
153
58
154
59
155
60
156
61
157
62
158
63
159
64
160
65
161
66
162
67
163
68
164
69
165
70
166
71
167
72
168
73
169
74
170
75
171
76
172
77
173
78
174
79
175
80
176
81
177
82
178
83
179
84
180
85
181
86
182
87
183
88
184
89
185
90
186
91
187
92
188
93
189
94
190
95
191
96
192
193
98
194
99
195
100
196
101
197
102
198
103
199
104
200
105
201
106
202
107
203
108
204
109
205
110
206
111
207
112
208
113
209
114
210
115
211
116
212
117
213
118
214
119
215
120
216
121
217
122
218
123
219
124
220
125
221
126
222
127
223
128
224
129
225
130
226
131
227
132
228
133
229
134
230
135
231
136
232
137
233
138
234
139
235
140
236
141
237
142
238
143
239
144
240
145
241
146
242
147
243
148
244
149
245
150
246
151
247
152
248
153
249
154
250
155
251
156
252
157
253
158
254
159
255
160
256
161
257
162
258
163
259
164
260
165
261
166
262
167
263
168
264
169
265
170
266
171
267
172
268
173
269
174
270
175
271
176
272
177
273
178
274
179
275
180
276
181
277
182
278
183
279
184
280
185
281
186
282
187
283
188
284
189
285
190
286
191
287
192
288
193
289
290
195
291
196
292
197
293
198
294
199
295
200
296
201
297
202
298
203
299
204
300
205
301
206
302
207
303
208
304
209
305
210
306
211
307
212
308
213
309
214
310
215
311
216
312
217
313
218
314
219
315
220
316
221
317
222
318
223
319
224
320
225
321
226
322
227
323
228
324
229
325
230
326
231
327
232
328
233
329
234
330
235
331
236
332
237
333
238
334
239
335
240
336
241
337
242
338
243
339
244
340
245
341
246
342
247
343
248
344
249
345
250
346
251
347
252
348
253
349
254
350
255
351
256
352
257
353
258
354
259
355
260
356
261
357
262
358
263
359
264
360
265
361
266
362
267
363
268
364
269
365
270
366
271
367
272
368
273
369
274
370
275
371
276
372
277
373
278
374
279
375
280
376
281
377
282
378
283
379
284
380
285
381
286
382
287
383
288
384
289
385
290
386
387
292
388
293
389
294
390
295
391
296
392
297
393
298
394
299
395
300
396
301
397
302
398
303
399
304
400
305
401
306
402
307
403
308
404
309
405
310
406
311
407
312
408
313
409
314
410
315
411
316
412
317
413
318
414
319
415
320
416
321
417
322
418
323
419
324
420
325
421
326
422
327
423
328
424
329
425
330
426
331
427
332
428
333
429
334
430
335
431
336
432
337
433
338
434
339
435
340
436
341
437
342
438
343
439
344
440
345
441
346
442
347
443
348
444
349
445
350
446
351
447
352
448
353
449
354
450
355
451
356
452
357
453
358
454
359
455
360
456
361
457
362
458
363
459
364
460
365
461
366
462
367
463
368
464
369
465
370
466
371
467
372
468
373
469
374
470
375
471
376
472
377
473
378
474
379
475
380
476
381
477
382
478
383
479
384
480
385
481
386
482
387
483
484
389
485
390
486
391
487
392
488
393
489
394
490
395
491
396
492
397
493
398
494
399
495
400
496
401
497
402
498
403
499
404
500
405
501
406
502
407
503
408
504
409
505
410
506
411
507
412
508
413
509
414
510
415
511
416
512
417
513
418
514
419
515
420
516
421
517
422
518
423
519
424
520
425
521
426
522
427
523
428
524
429
525
430
526
431
527
432
528
433
529
434
530
435
531
436
532
437
533
438
534
439
535
440
536
441
537
442
538
443
539
444
540
445
541
446
542
447
543
448
544
449
545
450
546
451
547
452
548
453
549
454
550
455
551
456
552
457
553
458
554
459
555
460
556
461
557
462
558
463
559
464
560
465
561
466
562
467
563
468
564
469
565
470
566
471
567
472
568
473
569
474
570
475
571
476
572
477
573
478
574
479
575
480
576
481
577
482
578
483
579
484
580
581
486
582
487
583
488
584
489
585
490
586
491
587
492
588
493
589
494
590
495
591
496
592
497
593
498
594
499
595
500
596
501
597
502
598
503
599
504
600
505
601
506
602
507
603
508
604
509
605
510
606
511
607
512
608
513
609
514
610
515
611
516
612
517
613
518
614
519
615
520
616
521
617
522
618
523
619
524
620
525
621
526
622
527
623
528
624
529
625
530
626
531
627
532
628
533
629
534
630
535
631
536
632
537
633
538
634
539
635
540
636
541
637
542
638
543
639
544
640
545
641
546
642
547
643
548
644
549
645
550
646
551
647
552
648
553
649
554
650
555
651
556
652
557
653
558
654
559
655
560
656
561
657
562
658
563
659
564
660
565
661
566
662
567
663
568
664
569
665
570
666
571
667
572
668
573
669
574
670
575
671
576
672
577
673
578
674
579
675
580
676
581
677
678
583
679
584
680
585
681
586
682
587
683
588
684
589
685
590
686
591
687
592
688
593
689
594
690
595
691
596
692
597
693
598
694
599
695
600
696
601
697
602
698
603
699
604
700
605
701
606
702
607
703
608
704
609
705
610
706
611
707
612
708
613
709
614
710
615
711
616
712
617
713
618
714
619
715
620
716
621
717
622
718
623
719
624
720
625
721
626
722
627
723
628
724
629
725
630
726
631
727
632
728
633
729
634
730
635
731
636
732
637
733
638
734
639
735
640
736
641
737
642
738
643
739
644
740
645
741
646
742
647
743
648
744
649
745
650
746
651
747
652
748
653
749
654
750
655
751
656
752
657
753
658
754
659
755
660
756
661
757
662
758
663
759
664
760
665
761
666
762
667
763
668
764
669
765
670
766
671
767
672
768
673
769
674
770
675
771
676
772
677
773
678
774
775
680
776
681
777
682
778
683
779
684
780
685
781
686
782
687
783
688
784
689
785
690
786
691
787
692
788
693
789
694
790
695
791
696
792
697
793
698
794
699
795
700
796
701
797
702
798
703
799
704
800
705
801
706
802
707
803
708
804
709
805
710
806
711
807
712
808
713
809
714
810
715
811
716
812
717
813
718
814
719
815
720
816
721
817
722
818
723
819
724
820
725
821
726
822
727
823
728
824
729
825
730
826
731
827
732
828
733
829
734
830
735
831
736
832
737
833
738
834
739
835
740
836
741
837
742
838
743
839
744
840
745
841
746
842
747
843
748
844
749
845
750
846
751
847
752
848
753
849
754
850
755
851
756
852
757
853
758
854
759
855
760
856
761
857
762
858
763
859
764
860
765
861
766
862
767
863
768
864
769
865
770
866
771
867
772
868
773
869
774
870
775
871
872
777
873
778
874
779
875
780
876
781
877
782
878
783
879
784
880
785
881
786
882
787
883
788
884
789
885
790
886
791
887
792
888
793
889
794
890
795
891
796
892
797
893
798
894
799
895
800
896
801
897
802
898
803
899
804
900
805
901
806
902
807
903
808
904
809
905
810
906
811
907
812
908
813
909
814
910
815
911
816
912
817
913
818
914
819
915
820
916
821
917
822
918
823
919
824
920
825
921
826
922
827
923
828
924
829
925
830
926
831
927
832
928
833
929
834
930
835
931
836
932
837
933
838
934
839
935
840
936
841
937
842
938
843
939
844
940
845
941
846
942
847
943
848
944
849
945
850
946
851
947
852
948
853
949
854
950
855
951
856
952
857
953
858
954
859
955
860
956
861
957
862
958
863
959
864
960
865
961
866
962
867
963
868
964
869
965
870
966
871
967
872
968
969
874
970
875
971
876
972
877
973
878
974
879
975
880
976
881
977
882
978
883
979
884
980
885
981
886
982
887
983
888
984
889
985
890
986
891
987
892
988
893
989
894
990
895
991
896
992
897
993
898
994
899
995
900
996
901
997
902
998
903
999
904
1000
905
1001
906
1002
907
1003
908
1004
909
1005
910
1006
911
1007
912
1008
913
1009
914
1010
915
1011
916
1012
917
1013
918
1014
919
1015
920
1016
921
1017
922
1018
923
1019
924
1020
925
1021
926
1022
927
1023
928
1024
929
1025
930
1026
931
1027
932
1028
933
1029
934
1030
935
1031
936
1032
937
1033
938
1034
939
1035
940
1036
941
1037
942
1038
943
1039
944
1040
945
1041
946
1042
947
1043
948
1044
949
1045
950
1046
951
1047
952
1048
953
1049
954
1050
955
1051
956
1052
957
1053
958
1054
959
1055
960
1056
961
1057
962
1058
963
1059
964
1060
965
1061
966
1062
967
1063
968
1064
969
1065
1066
971
1067
972
1068
973
1069
974
1070
975
1071
976
1072
977
1073
978
1074
979
1075
980
1076
981
1077
982
1078
983
1079
984
1080
985
1081
986
1082
987
1083
988
1084
989
1085
990
1086
991
1087
992
1088
993
1089
994
1090
995
1091
996
1092
997
1093
998
1094
999
1095
1000
1096
1001
1097
1002
1098
1003
1099
1004
1100
1005
1101
1006
1102
1007
1103
1008
1104
1009
1105
1010
1106
1011
1107
1012
1108
1013
1109
1014
1110
1015
1111
1016
1112
1017
1113
1018
1114
1019
1115
1020
1116
1021
1117
1022
1118
1023
1119
1024
1120
1025
1121
1026
1122
1027
1123
1028
1124
1029
1125
1030
1126
1031
1127
1032
1128
1033
1129
1034
1130
1035
1131
1036
1132
1037
1133
1038
1134
1039
1135
1040
1136
1041
1137
1042
1138
1043
1139
1044
1140
1045
1141
1046
1142
1047
1143
1048
1144
1049
1145
1050
1146
1051
1147
1052
1148
1053
1149
1054
1150
1055
1151
1056
1152
1057
1153
1058
1154
1059
1155
1060
1156
1061
1157
1062
1158
1063
1159
1064
1160
1065
1161
1066
1162
1163
1068
1164
1069
1165
1070
1166
1071
1167
1072
1168
1073
1169
1074
1170
1075
1171
1076
1172
1077
1173
1078
1174
1079
1175
1080
1176
1081
1177
1082
1178
1083
1179
1084
1180
1085
1181
1086
1182
1087
1183
1088
1184
1089
1185
1090
1186
1091
1187
1092
1188
1093
1189
1094
1190
1095
1191
1096
1192
1097
1193
1098
1194
1099
1195
1100
1196
1101
1197
1102
1198
1103
1199
1104
1200
1105
1201
1106
1202
1107
1203
1108
1204
1109
1205
1110
1206
1111
1207
1112
1208
1113
1209
1114
1210
1115
1211
1116
1212
1117
1213
1118
1214
1119
1215
1120
1216
1121
1217
1122
1218
1123
1219
1124
1220
1125
1221
1126
1222
1127
1223
1128
1224
1129
1225
1130
1226
1131
1227
1132
1228
1133
1229
1134
1230
1135
1231
1136
1232
1137
1233
1138
1234
1139
1235
1140
1236
1141
1237
1142
1238
1143
1239
1144
1240
1145
1241
1146
1242
1147
1243
1148
1244
1149
1245
1150
1246
1151
1247
1152
1248
1153
1249
1154
1250
1155
1251
1156
1252
1157
1253
1158
1254
1159
1255
1160
1256
1161
1257
1162
1258
1163
1259
1260
1165
1261
1166
1262
1167
1263
1168
1264
1169
1265
1170
1266
1171
1267
1172
1268
1173
1269
1174
1270
1175
1271
1176
1272
1177
1273
1178
1274
1179
1275
1180
1276
1181
1277
1182
1278
1183
1279
1184
1280
1185
1281
1186
1282
1187
1283
1188
1284
1189
1285
1190
1286
1191
1287
1192
1288
1193
1289
1194
1290
1195
1291
1196
1292
1197
1293
1198
1294
1199
1295
1200
1296
1201
1297
1202
1298
1203
1299
1204
1300
1205
1301
1206
1302
1207
1303
1208
1304
1209
1305
1210
1306
1211
1307
1212
1308
1213
1309
1214
1310
1215
1311
1216
1312
1217
1313
1218
1314
1219
1315
1220
1316
1221
1317
1222
1318
1223
1319
1224
1320
1225
1321
1226
1322
1227
1323
1228
1324
1229
1325
1230
1326
1231
1327
1232
1328
1233
1329
1234
1330
1235
1331
1236
1332
1237
1333
1238
1334
1239
1335
1240
1336
1241
1337
1242
1338
1243
1339
1244
1340
1245
1341
1246
1342
1247
1343
1248
1344
1249
1345
1250
1346
1251
1347
1252
1348
1253
1349
1254
1350
1255
1351
1256
1352
1257
1353
1258
1354
1259
1355
1260
1356
1357
1262
1358
1263
1359
1264
1360
1265
1361
1266
1362
1267
1363
1268
1364
1269
1365
1270
1366
1271
1367
1272
1368
1273
1369
1274
1370
1275
1371
1276
1372
1277
1373
1278
1374
1279
1375
1280
1376
1281
1377
1282
1378
1283
1379
1284
1380
1285
1381
1286
1382
1287
1383
1288
1384
1289
1385
1290
1386
1291
1387
1292
1388
1293
1389
1294
1390
1295
1391
1296
1392
1297
1393
1298
1394
1299
1395
1300
1396
1301
1397
1302
1398
1303
1399
1304
1400
1305
1401
1306
1402
1307
1403
1308
1404
1309
1405
1310
1406
1311
1407
1312
1408
1313
1409
1314
1410
1315
1411
1316
1412
1317
1413
1318
1414
1319
1415
1320
1416
1321
1417
1322
1418
1323
1419
1324
1420
1325
1421
1326
1422
1327
1423
1328
1424
1329
1425
1330
1426
1331
1427
1332
1428
1333
1429
1334
1430
1335
1431
1336
1432
1337
1433
1338
1434
1339
1435
1340
1436
1341
1437
1342
1438
1343
1439
1344
1440
1345
1441
1346
1442
1347
1443
1348
1444
1349
1445
1350
1446
1351
1447
1352
1448
1353
1449
1354
1450
1355
1451
1356
1452
1357
1453
1454
1359
1455
1360
1456
1361
1457
1362
1458
1363
1459
1364
1460
1365
1461
1366
1462
1367
1463
1368
1464
1369
1465
1370
1466
1371
1467
1372
1468
1373
1469
1374
1470
1375
1471
1376
1472
1377
1473
1378
1474
1379
1475
1380
1476
1381
1477
1382
1478
1383
1479
1384
1480
1385
1481
1386
1482
1387
1483
1388
1484
1389
1485
1390
1486
1391
1487
1392
1488
1393
1489
1394
1490
1395
1491
1396
1492
1397
1493
1398
1494
1399
1495
1400
1496
1401
1497
1402
1498
1403
1499
1404
1500
1405
1501
1406
1502
1407
1503
1408
1504
1409
1505
1410
1506
1411
1507
1412
1508
1413
1509
1414
1510
1415
1511
1416
1512
1417
1513
1418
1514
1419
1515
1420
1516
1421
1517
1422
1518
1423
1519
1424
1520
1425
1521
1426
1522
1427
1523
1428
1524
1429
1525
1430
1526
1431
1527
1432
1528
1433
1529
1434
1530
1435
1531
1436
1532
1437
1533
1438
1534
1439
1535
1440
1536
1441
1537
1442
1538
1443
1539
1444
1540
1445
1541
1446
1542
1447
1543
1448
1544
1449
1545
1450
1546
1451
1547
1452
1548
1453
1549
1454
1550
1551
1456
1552
1457
1553
1458
1554
1459
1555
1460
1556
1461
1557
1462
1558
1463
1559
1464
1560
1465
1561
1466
1562
1467
1563
1468
1564
1469
1565
1470
1566
1471
1567
1472
1568
1473
1569
1474
1570
1475
1571
1476
1572
1477
1573
1478
1574
1479
1575
1480
1576
1481
1577
1482
1578
1483
1579
1484
1580
1485
1581
1486
1582
1487
1583
1488
1584
1489
1585
1490
1586
1491
1587
1492
1588
1493
1589
1494
1590
1495
1591
1496
1592
1497
1593
1498
1594
1499
1595
1500
1596
1501
1597
1502
1598
1503
1599
1504
1600
1505
1601
1506
1602
1507
1603
1508
1604
1509
1605
1510
1606
1511
1607
1512
1608
1513
1609
1514
1610
1515
1611
1516
1612
1517
1613
1518
1614
1519
1615
1520
1616
1521
1617
1522
1618
1523
1619
1524
1620
1525
1621
1526
1622
1527
1623
1528
1624
1529
1625
1530
1626
1531
1627
1532
1628
1533
1629
1534
1630
1535
1631
1536
1632
1537
1633
1538
1634
1539
1635
1540
1636
1541
1637
1542
1638
1543
1639
1544
1640
1545
1641
1546
1642
1547
1643
1548
1644
1549
1645
1550
1646
1551
1647
1648
1553
1649
1554
1650
1555
1651
1556
1652
1557
1653
1558
1654
1559
1655
1560
1656
1561
1657
1562
1658
1563
1659
1564
1660
1565
1661
1566
1662
1567
1663
1568
1664
1569
1665
1570
1666
1571
1667
1572
1668
1573
1669
1574
1670
1575
1671
1576
1672
1577
1673
1578
1674
1579
1675
1580
1676
1581
1677
1582
1678
1583
1679
1584
1680
1585
1681
1586
1682
1587
1683
1588
1684
1589
1685
1590
1686
1591
1687
1592
1688
1593
1689
1594
1690
1595
1691
1596
1692
1597
1693
1598
1694
1599
1695
1600
1696
1601
1697
1602
1698
1603
1699
1604
1700
1605
1701
1606
1702
1607
1703
1608
1704
1609
1705
1610
1706
1611
1707
1612
1708
1613
1709
1614
1710
1615
1711
1616
1712
1617
1713
1618
1714
1619
1715
1620
1716
1621
1717
1622
1718
1623
1719
1624
1720
1625
1721
1626
1722
1627
1723
1628
1724
1629
1725
1630
1726
1631
1727
1632
1728
1633
1729
1634
1730
1635
1731
1636
1732
1637
1733
1638
1734
1639
1735
1640
1736
1641
1737
1642
1738
1643
1739
1644
1740
1645
1741
1646
1742
1647
1743
1648
1744
1745
1650
1746
1651
1747
1652
1748
1653
1749
1654
1750
1655
1751
1656
1752
1657
1753
1658
1754
1659
1755
1660
1756
1661
1757
1662
1758
1663
1759
1664
1760
1665
1761
1666
1762
1667
1763
1668
1764
1669
1765
1670
1766
1671
1767
1672
1768
1673
1769
1674
1770
1675
1771
1676
1772
1677
1773
1678
1774
1679
1775
1680
1776
1681
1777
1682
1778
1683
1779
1684
1780
1685
1781
1686
1782
1687
1783
1688
1784
1689
1785
1690
1786
1691
1787
1692
1788
1693
1789
1694
1790
1695
1791
1696
1792
1697
1793
1698
1794
1699
1795
1700
1796
1701
1797
1702
1798
1703
1799
1704
1800
1705
1801
1706
1802
1707
1803
1708
1804
1709
1805
1710
1806
1711
1807
1712
1808
1713
1809
1714
1810
1715
1811
1716
1812
1717
1813
1718
1814
1719
1815
1720
1816
1721
1817
1722
1818
1723
1819
1724
1820
1725
1821
1726
1822
1727
1823
1728
1824
1729
1825
1730
1826
1731
1827
1732
1828
1733
1829
1734
1830
1735
1831
1736
1832
1737
1833
1738
1834
1739
1835
1740
1836
1741
1837
1742
1838
1743
1839
1744
1840
1745
1841
1842
1747
1843
1748
1844
1749
1845
1750
1846
1751
1847
1752
1848
1753
1849
1754
1850
1755
1851
1756
1852
1757
1853
1758
1854
1759
1855
1760
1856
1761
1857
1762
1858
1763
1859
1764
1860
1765
1861
1766
1862
1767
1863
1768
1864
1769
1865
1770
1866
1771
1867
1772
1868
1773
1869
1774
1870
1775
1871
1776
1872
1777
1873
1778
1874
1779
1875
1780
1876
1781
1877
1782
1878
1783
1879
1784
1880
1785
1881
1786
1882
1787
1883
1788
1884
1789
1885
1790
1886
1791
1887
1792
1888
1793
1889
1794
1890
1795
1891
1796
1892
1797
1893
1798
1894
1799
1895
1800
1896
1801
1897
1802
1898
1803
1899
1804
1900
1805
1901
1806
1902
1807
1903
1808
1904
1809
1905
1810
1906
1811
1907
1812
1908
1813
1909
1814
1910
1815
1911
1816
1912
1817
1913
1818
1914
1819
1915
1820
1916
1821
1917
1822
1918
1823
1919
1824
1920
1825
1921
1826
1922
1827
1923
1828
1924
1829
1925
1830
1926
1831
1927
1832
1928
1833
1929
1834
1930
1835
1931
1836
1932
1837
1933
1838
1934
1839
1935
1840
1936
1841
1937
1842
1938
1939
1844
1940
1845
1941
1846
1942
1847
1943
1848
1944
1849
1945
1850
1946
1851
1947
1852
1948
1853
1949
1854
1950
1855
1951
1856
1952
1857
1953
1858
1954
1859
1955
1860
1956
1861
1957
1862
1958
1863
1959
1864
1960
1865
1961
1866
1962
1867
1963
1868
1964
1869
1965
1870
1966
1871
1967
1872
1968
1873
1969
1874
1970
1875
1971
1876
1972
1877
1973
1878
1974
1879
1975
1880
1976
1881
1977
1882
1978
1883
1979
1884
1980
1885
1981
1886
1982
1887
1983
1888
1984
1889
1985
1890
1986
1891
1987
1892
1988
1893
1989
1894
1990
1895
1991
1896
1992
1897
1993
1898
1994
1899
1995
1900
1996
1901
1997
1902
1998
1903
1999
1904
2000
1905
2001
1906
2002
1907
2003
1908
2004
1909
2005
1910
2006
1911
2007
1912
2008
1913
2009
1914
2010
1915
2011
1916
2012
1917
2013
1918
2014
1919
2015
1920
2016
1921
2017
1922
2018
1923
2019
1924
2020
1925
2021
1926
2022
1927
2023
1928
2024
1929
2025
1930
2026
1931
2027
1932
2028
1933
2029
1934
2030
1935
2031
1936
2032
1937
2033
1938
2034
1939
2035
2036
1941
2037
1942
2038
1943
2039
1944
2040
1945
2041
1946
2042
1947
2043
1948
2044
1949
2045
1950
2046
1951
2047
1952
2048
1953
2049
1954
2050
1955
2051
1956
2052
1957
2053
1958
2054
1959
2055
1960
2056
1961
2057
1962
2058
1963
2059
1964
2060
1965
2061
1966
2062
1967
2063
1968
2064
1969
2065
1970
2066
1971
2067
1972
2068
1973
2069
1974
2070
1975
2071
1976
2072
1977
2073
1978
2074
1979
2075
1980
2076
1981
2077
1982
2078
1983
2079
1984
2080
1985
2081
1986
2082
1987
2083
1988
2084
1989
2085
1990
2086
1991
2087
1992
2088
1993
2089
1994
2090
1995
2091
1996
2092
1997
2093
1998
2094
1999
2095
2000
2096
2001
2097
2002
2098
2003
2099
2004
2100
2005
2101
2006
2102
2007
2103
2008
2104
2009
2105
2010
2106
2011
2107
2012
2108
2013
2109
2014
2110
2015
2111
2016
2112
2017
2113
2018
2114
2019
2115
2020
2116
2021
2117
2022
2118
2023
2119
2024
2120
2025
2121
2026
2122
2027
2123
2028
2124
2029
2125
2030
2126
2031
2127
2032
2128
2033
2129
2034
2130
2035
2131
2036
2132
2133
2038
2134
2039
2135
2040
2136
2041
2137
2042
2138
2043
2139
2044
2140
2045
2141
2046
2142
2047
2143
2048
2144
2049
2145
2050
2146
2051
2147
2052
2148
2053
2149
2054
2150
2055
2151
2056
2152
2057
2153
2058
2154
2059
2155
2060
2156
2061
2157
2062
2158
2063
2159
2064
2160
2065
2161
2066
2162
2067
2163
2068
2164
2069
2165
2070
2166
2071
2167
2072
2168
2073
2169
2074
2170
2075
2171
2076
2172
2077
2173
2078
2174
2079
2175
2080
2176
2081
2177
2082
2178
2083
2179
2084
2180
2085
2181
2086
2182
2087
2183
2088
2184
2089
2185
2090
2186
2091
2187
2092
2188
2093
2189
2094
2190
2095
2191
2096
2192
2097
2193
2098
2194
2099
2195
2100
2196
2101
2197
2102
2198
2103
2199
2104
2200
2105
2201
2106
2202
2107
2203
2108
2204
2109
2205
2110
2206
2111
2207
2112
2208
2113
2209
2114
2210
2115
2211
2116
2212
2117
2213
2118
2214
2119
2215
2120
2216
2121
2217
2122
2218
2123
2219
2124
2220
2125
2221
2126
2222
2127
2223
2128
2224
2129
2225
2130
2226
2131
2227
2132
2228
2133
2229
2230
2135
2231
2136
2232
2137
2233
2138
2234
2139
2235
2140
2236
2141
2237
2142
2238
2143
2239
2144
2240
2145
2241
2146
2242
2147
2243
2148
2244
2149
2245
2150
2246
2151
2247
2152
2248
2153
2249
2154
2250
2155
2251
2156
2252
2157
2253
2158
2254
2159
2255
2160
2256
2161
2257
2162
2258
2163
2259
2164
2260
2165
2261
2166
2262
2167
2263
2168
2264
2169
2265
2170
2266
2171
2267
2172
2268
2173
2269
2174
2270
2175
2271
2176
2272
2177
2273
2178
2274
2179
2275
2180
2276
2181
2277
2182
2278
2183
2279
2184
2280
2185
2281
2186
2282
2187
2283
2188
2284
2189
2285
2190
2286
2191
2287
2192
2288
2193
2289
2194
2290
2195
2291
2196
2292
2197
2293
2198
2294
2199
2295
2200
2296
2201
2297
2202
2298
2203
2299
2204
2300
2205
2301
2206
2302
2207
2303
2208
2304
2209
2305
2210
2306
2211
2307
2212
2308
2213
2309
2214
2310
2215
2311
2216
2312
2217
2313
2218
2314
2219
2315
2220
2316
2221
2317
2222
2318
2223
2319
2224
2320
2225
2321
2226
2322
2227
2323
2228
2324
2229
2325
2230
2326
2327
2232
2328
2233
2329
2234
2330
2235
2331
2236
2332
2237
2333
2238
2334
2239
2335
2240
2336
2241
2337
2242
2338
2243
2339
2244
2340
2245
2341
2246
2342
2247
2343
2248
2344
2249
2345
2250
2346
2251
2347
2252
2348
2253
2349
2254
2350
2255
2351
2256
2352
2257
2353
2258
2354
2259
2355
2260
2356
2261
2357
2262
2358
2263
2359
2264
2360
2265
2361
2266
2362
2267
2363
2268
2364
2269
2365
2270
2366
2271
2367
2272
2368
2273
2369
2274
2370
2275
2371
2276
2372
2277
2373
2278
2374
2279
2375
2280
2376
2281
2377
2282
2378
2283
2379
2284
2380
2285
2381
2286
2382
2287
2383
2288
2384
2289
2385
2290
2386
2291
2387
2292
2388
2293
2389
2294
2390
2295
2391
2296
2392
2297
2393
2298
2394
2299
2395
2300
2396
2301
2397
2302
2398
2303
2399
2304
2400
2305
2401
2306
2402
2307
2403
2308
2404
2309
2405
2310
2406
2311
2407
2312
2408
2313
2409
2314
2410
2315
2411
2316
2412
2317
2413
2318
2414
2319
2415
2320
2416
2321
2417
2322
2418
2323
2419
2324
2420
2325
2421
2326
2422
2327
2423
2424
2329
2425
2330
2426
2331
2427
2332
2428
2333
2429
2334
2430
2335
2431
2336
2432
2337
2433
2338
2434
2339
2435
2340
2436
2341
2437
2342
2438
2343
2439
2344
2440
2345
2441
2346
2442
2347
2443
2348
2444
2349
2445
2350
2446
2351
2447
2352
2448
2353
2449
2354
2450
2355
2451
2356
2452
2357
2453
2358
2454
2359
2455
2360
2456
2361
2457
2362
2458
2363
2459
2364
2460
2365
2461
2366
2462
2367
2463
2368
2464
2369
2465
2370
2466
2371
2467
2372
2468
2373
2469
2374
2470
2375
2471
2376
2472
2377
2473
2378
2474
2379
2475
2380
2476
2381
2477
2382
2478
2383
2479
2384
2480
2385
2481
2386
2482
2387
2483
2388
2484
2389
2485
2390
2486
2391
2487
2392
2488
2393
2489
2394
2490
2395
2491
2396
2492
2397
2493
2398
2494
2399
2495
2400
2496
2401
2497
2402
2498
2403
2499
2404
2500
2405
2501
2406
2502
2407
2503
2408
2504
2409
2505
2410
2506
2411
2507
2412
2508
2413
2509
2414
2510
2415
2511
2416
2512
2417
2513
2418
2514
2419
2515
2420
2516
2421
2517
2422
2518
2423
2519
2424
2520
2521
2426
2522
2427
2523
2428
2524
2429
2525
2430
2526
2431
2527
2432
2528
2433
2529
2434
2530
2435
2531
2436
2532
2437
2533
2438
2534
2439
2535
2440
2536
2441
2537
2442
2538
2443
2539
2444
2540
2445
2541
2446
2542
2447
2543
2448
2544
2449
2545
2450
2546
2451
2547
2452
2548
2453
2549
2454
2550
2455
2551
2456
2552
2457
2553
2458
2554
2459
2555
2460
2556
2461
2557
2462
2558
2463
2559
2464
2560
2465
2561
2466
2562
2467
2563
2468
2564
2469
2565
2470
2566
2471
2567
2472
2568
2473
2569
2474
2570
2475
2571
2476
2572
2477
2573
2478
2574
2479
2575
2480
2576
2481
2577
2482
2578
2483
2579
2484
2580
2485
2581
2486
2582
2487
2583
2488
2584
2489
2585
2490
2586
2491
2587
2492
2588
2493
2589
2494
2590
2495
2591
2496
2592
2497
2593
2498
2594
2499
2595
2500
2596
2501
2597
2502
2598
2503
2599
2504
2600
2505
2601
2506
2602
2507
2603
2508
2604
2509
2605
2510
2606
2511
2607
2512
2608
2513
2609
2514
2610
2515
2611
2516
2612
2517
2613
2518
2614
2519
2615
2520
2616
2521
2617
2618
2523
2619
2524
2620
2525
2621
2526
2622
2527
2623
2528
2624
2529
2625
2530
2626
2531
2627
2532
2628
2533
2629
2534
2630
2535
2631
2536
2632
2537
2633
2538
2634
2539
2635
2540
2636
2541
2637
2542
2638
2543
2639
2544
2640
2545
2641
2546
2642
2547
2643
2548
2644
2549
2645
2550
2646
2551
2647
2552
2648
2553
2649
2554
2650
2555
2651
2556
2652
2557
2653
2558
2654
2559
2655
2560
2656
2561
2657
2562
2658
2563
2659
2564
2660
2565
2661
2566
2662
2567
2663
2568
2664
2569
2665
2570
2666
2571
2667
2572
2668
2573
2669
2574
2670
2575
2671
2576
2672
2577
2673
2578
2674
2579
2675
2580
2676
2581
2677
2582
2678
2583
2679
2584
2680
2585
2681
2586
2682
2587
2683
2588
2684
2589
2685
2590
2686
2591
2687
2592
2688
2593
2689
2594
2690
2595
2691
2596
2692
2597
2693
2598
2694
2599
2695
2600
2696
2601
2697
2602
2698
2603
2699
2604
2700
2605
2701
2606
2702
2607
2703
2608
2704
2609
2705
2610
2706
2611
2707
2612
2708
2613
2709
2614
2710
2615
2711
2616
2712
2617
2713
2618
2714
2715
2620
2716
2621
2717
2622
2718
2623
2719
2624
2720
2625
2721
2626
2722
2627
2723
2628
2724
2629
2725
2630
2726
2631
2727
2632
2728
2633
2729
2634
2730
2635
2731
2636
2732
2637
2733
2638
2734
2639
2735
2640
2736
2641
2737
2642
2738
2643
2739
2644
2740
2645
2741
2646
2742
2647
2743
2648
2744
2649
2745
2650
2746
2651
2747
2652
2748
2653
2749
2654
2750
2655
2751
2656
2752
2657
2753
2658
2754
2659
2755
2660
2756
2661
2757
2662
2758
2663
2759
2664
2760
2665
2761
2666
2762
2667
2763
2668
2764
2669
2765
2670
2766
2671
2767
2672
2768
2673
2769
2674
2770
2675
2771
2676
2772
2677
2773
2678
2774
2679
2775
2680
2776
2681
2777
2682
2778
2683
2779
2684
2780
2685
2781
2686
2782
2687
2783
2688
2784
2689
2785
2690
2786
2691
2787
2692
2788
2693
2789
2694
2790
2695
2791
2696
2792
2697
2793
2698
2794
2699
2795
2700
2796
2701
2797
2702
2798
2703
2799
2704
2800
2705
2801
2706
2802
2707
2803
2708
2804
2709
2805
2710
2806
2711
2807
2712
2808
2713
2809
2714
2810
2715
2811
2812
2717
2813
2718
2814
2719
2815
2720
2816
2721
2817
2722
2818
2723
2819
2724
2820
2725
2821
2726
2822
2727
2823
2728
2824
2729
2825
2730
2826
2731
2827
2732
2828
2733
2829
2734
2830
2735
2831
2736
2832
2737
2833
2738
2834
2739
2835
2740
2836
2741
2837
2742
2838
2743
2839
2744
2840
2745
2841
2746
2842
2747
2843
2748
2844
2749
2845
2750
2846
2751
2847
2752
2848
2753
2849
2754
2850
2755
2851
2756
2852
2757
2853
2758
2854
2759
2855
2760
2856
2761
2857
2762
2858
2763
2859
2764
2860
2765
2861
2766
2862
2767
2863
2768
2864
2769
2865
2770
2866
2771
2867
2772
2868
2773
2869
2774
2870
2775
2871
2776
2872
2777
2873
2778
2874
2779
2875
2780
2876
2781
2877
2782
2878
2783
2879
2784
2880
2785
2881
2786
2882
2787
2883
2788
2884
2789
2885
2790
2886
2791
2887
2792
2888
2793
2889
2794
2890
2795
2891
2796
2892
2797
2893
2798
2894
2799
2895
2800
2896
2801
2897
2802
2898
2803
2899
2804
2900
2805
2901
2806
2902
2807
2903
2808
2904
2809
2905
2810
2906
2811
2907
2812
2908
2909
2814
2910
2815
2911
2816
2912
2817
2913
2818
2914
2819
2915
2820
2916
2821
2917
2822
2918
2823
2919
2824
2920
2825
2921
2826
2922
2827
2923
2828
2924
2829
2925
2830
2926
2831
2927
2832
2928
2833
2929
2834
2930
2835
2931
2836
2932
2837
2933
2838
2934
2839
2935
2840
2936
2841
2937
2842
2938
2843
2939
2844
2940
2845
2941
2846
2942
2847
2943
2848
2944
2849
2945
2850
2946
2851
2947
2852
2948
2853
2949
2854
2950
2855
2951
2856
2952
2857
2953
2858
2954
2859
2955
2860
2956
2861
2957
2862
2958
2863
2959
2864
2960
2865
2961
2866
2962
2867
2963
2868
2964
2869
2965
2870
2966
2871
2967
2872
2968
2873
2969
2874
2970
2875
2971
2876
2972
2877
2973
2878
2974
2879
2975
2880
2976
2881
2977
2882
2978
2883
2979
2884
2980
2885
2981
2886
2982
2887
2983
2888
2984
2889
2985
2890
2986
2891
2987
2892
2988
2893
2989
2894
2990
2895
2991
2896
2992
2897
2993
2898
2994
2899
2995
2900
2996
2901
2997
2902
2998
2903
2999
2904
3000
2905
3001
2906
3002
2907
3003
2908
3004
2909
3005
3006
2911
3007
2912
3008
2913
3009
2914
3010
2915
3011
2916
3012
2917
3013
2918
3014
2919
3015
2920
3016
2921
3017
2922
3018
2923
3019
2924
3020
2925
3021
2926
3022
2927
3023
2928
3024
2929
3025
2930
3026
2931
3027
2932
3028
2933
3029
2934
3030
2935
3031
2936
3032
2937
3033
2938
3034
2939
3035
2940
3036
2941
3037
2942
3038
2943
3039
2944
3040
2945
3041
2946
3042
2947
3043
2948
3044
2949
3045
2950
3046
2951
3047
2952
3048
2953
3049
2954
3050
2955
3051
2956
3052
2957
3053
2958
3054
2959
3055
2960
3056
2961
3057
2962
3058
2963
3059
2964
3060
2965
3061
2966
3062
2967
3063
2968
3064
2969
3065
2970
3066
2971
3067
2972
3068
2973
3069
2974
3070
2975
3071
2976
3072
2977
3073
2978
3074
2979
3075
2980
3076
2981
3077
2982
3078
2983
3079
2984
3080
2985
3081
2986
3082
2987
3083
2988
3084
2989
3085
2990
3086
2991
3087
2992
3088
2993
3089
2994
3090
2995
3091
2996
3092
2997
3093
2998
3094
2999
3095
3000
3096
3001
3097
3002
3098
3003
3099
3004
3100
3005
3101
3006
3102
3103
3008
3104
3009
3105
3010
3106
3011
3107
3012
3108
3013
3109
3014
3110
3015
3111
3016
3112
3017
3113
3018
3114
3019
3115
3020
3116
3021
3117
3022
3118
3023
3119
3024
3120
3025
3121
3026
3122
3027
3123
3028
3124
3029
3125
3030
3126
3031
3127
3032
3128
3033
3129
3034
3130
3035
3131
3036
3132
3037
3133
3038
3134
3039
3135
3040
3136
3041
3137
3042
3138
3043
3139
3044
3140
3045
3141
3046
3142
3047
3143
3048
3144
3049
3145
3050
3146
3051
3147
3052
3148
3053
3149
3054
3150
3055
3151
3056
3152
3057
3153
3058
3154
3059
3155
3060
3156
3061
3157
3062
3158
3063
3159
3064
3160
3065
3161
3066
3162
3067
3163
3068
3164
3069
3165
3070
3166
3071
3167
3072
3168
3073
3169
3074
3170
3075
3171
3076
3172
3077
3173
3078
3174
3079
3175
3080
3176
3081
3177
3082
3178
3083
3179
3084
3180
3085
3181
3086
3182
3087
3183
3088
3184
3089
3185
3090
3186
3091
3187
3092
3188
3093
3189
3094
3190
3095
3191
3096
3192
3097
3193
3098
3194
3099
3195
3100
3196
3101
3197
3102
3198
3103
3199
3200
3105
3201
3106
3202
3107
3203
3108
3204
3109
3205
3110
3206
3111
3207
3112
3208
3113
3209
3114
3210
3115
3211
3116
3212
3117
3213
3118
3214
3119
3215
3120
3216
3121
3217
3122
3218
3123
3219
3124
3220
3125
3221
3126
3222
3127
3223
3128
3224
3129
3225
3130
3226
3131
3227
3132
3228
3133
3229
3134
3230
3135
3231
3136
3232
3137
3233
3138
3234
3139
3235
3140
3236
3141
3237
3142
3238
3143
3239
3144
3240
3145
3241
3146
3242
3147
3243
3148
3244
3149
3245
3150
3246
3151
3247
3152
3248
3153
3249
3154
3250
3155
3251
3156
3252
3157
3253
3158
3254
3159
3255
3160
3256
3161
3257
3162
3258
3163
3259
3164
3260
3165
3261
3166
3262
3167
3263
3168
3264
3169
3265
3170
3266
3171
3267
3172
3268
3173
3269
3174
3270
3175
3271
3176
3272
3177
3273
3178
3274
3179
3275
3180
3276
3181
3277
3182
3278
3183
3279
3184
3280
3185
3281
3186
3282
3187
3283
3188
3284
3189
3285
3190
3286
3191
3287
3192
3288
3193
3289
3194
3290
3195
3291
3196
3292
3197
3293
3198
3294
3199
3295
3200
3296
3297
3202
3298
3203
3299
3204
3300
3205
3301
3206
3302
3207
3303
3208
3304
3209
3305
3210
3306
3211
3307
3212
3308
3213
3309
3214
3310
3215
3311
3216
3312
3217
3313
3218
3314
3219
3315
3220
3316
3221
3317
3222
3318
3223
3319
3224
3320
3225
3321
3226
3322
3227
3323
3228
3324
3229
3325
3230
3326
3231
3327
3232
3328
3233
3329
3234
3330
3235
3331
3236
3332
3237
3333
3238
3334
3239
3335
3240
3336
3241
3337
3242
3338
3243
3339
3244
3340
3245
3341
3246
3342
3247
3343
3248
3344
3249
3345
3250
3346
3251
3347
3252
3348
3253
3349
3254
3350
3255
3351
3256
3352
3257
3353
3258
3354
3259
3355
3260
3356
3261
3357
3262
3358
3263
3359
3264
3360
3265
3361
3266
3362
3267
3363
3268
3364
3269
3365
3270
3366
3271
3367
3272
3368
3273
3369
3274
3370
3275
3371
3276
3372
3277
3373
3278
3374
3279
3375
3280
3376
3281
3377
3282
3378
3283
3379
3284
3380
3285
3381
3286
3382
3287
3383
3288
3384
3289
3385
3290
3386
3291
3387
3292
3388
3293
3389
3294
3390
3295
3391
3296
3392
3297
3393
3394
3299
3395
3300
3396
3301
3397
3302
3398
3303
3399
3304
3400
3305
3401
3306
3402
3307
3403
3308
3404
3309
3405
3310
3406
3311
3407
3312
3408
3313
3409
3314
3410
3315
3411
3316
3412
3317
3413
3318
3414
3319
3415
3320
3416
3321
3417
3322
3418
3323
3419
3324
3420
3325
3421
3326
3422
3327
3423
3328
3424
3329
3425
3330
3426
3331
3427
3332
3428
3333
3429
3334
3430
3335
3431
3336
3432
3337
3433
3338
3434
3339
3435
3340
3436
3341
3437
3342
3438
3343
3439
3344
3440
3345
3441
3346
3442
3347
3443
3348
3444
3349
3445
3350
3446
3351
3447
3352
3448
3353
3449
3354
3450
3355
3451
3356
3452
3357
3453
3358
3454
3359
3455
3360
3456
3361
3457
3362
3458
3363
3459
3364
3460
3365
3461
3366
3462
3367
3463
3368
3464
3369
3465
3370
3466
3371
3467
3372
3468
3373
3469
3374
3470
3375
3471
3376
3472
3377
3473
3378
3474
3379
3475
3380
3476
3381
3477
3382
3478
3383
3479
3384
3480
3385
3481
3386
3482
3387
3483
3388
3484
3389
3485
3390
3486
3391
3487
3392
3488
3393
3489
3394
3490
3491
3396
3492
3397
3493
3398
3494
3399
3495
3400
3496
3401
3497
3402
3498
3403
3499
3404
3500
3405
3501
3406
3502
3407
3503
3408
3504
3409
3505
3410
3506
3411
3507
3412
3508
3413
3509
3414
3510
3415
3511
3416
3512
3417
3513
3418
3514
3419
3515
3420
3516
3421
3517
3422
3518
3423
3519
3424
3520
3425
3521
3426
3522
3427
3523
3428
3524
3429
3525
3430
3526
3431
3527
3432
3528
3433
3529
3434
3530
3435
3531
3436
3532
3437
3533
3438
3534
3439
3535
3440
3536
3441
3537
3442
3538
3443
3539
3444
3540
3445
3541
3446
3542
3447
3543
3448
3544
3449
3545
3450
3546
3451
3547
3452
3548
3453
3549
3454
3550
3455
3551
3456
3552
3457
3553
3458
3554
3459
3555
3460
3556
3461
3557
3462
3558
3463
3559
3464
3560
3465
3561
3466
3562
3467
3563
3468
3564
3469
3565
3470
3566
3471
3567
3472
3568
3473
3569
3474
3570
3475
3571
3476
3572
3477
3573
3478
3574
3479
3575
3480
3576
3481
3577
3482
3578
3483
3579
3484
3580
3485
3581
3486
3582
3487
3583
3488
3584
3489
3585
3490
3586
3491
3587
3588
3493
3589
3494
3590
3495
3591
3496
3592
3497
3593
3498
3594
3499
3595
3500
3596
3501
3597
3502
3598
3503
3599
3504
3600
3505
3601
3506
3602
3507
3603
3508
3604
3509
3605
3510
3606
3511
3607
3512
3608
3513
3609
3514
3610
3515
3611
3516
3612
3517
3613
3518
3614
3519
3615
3520
3616
3521
3617
3522
3618
3523
3619
3524
3620
3525
3621
3526
3622
3527
3623
3528
3624
3529
3625
3530
3626
3531
3627
3532
3628
3533
3629
3534
3630
3535
3631
3536
3632
3537
3633
3538
3634
3539
3635
3540
3636
3541
3637
3542
3638
3543
3639
3544
3640
3545
3641
3546
3642
3547
3643
3548
3644
3549
3645
3550
3646
3551
3647
3552
3648
3553
3649
3554
3650
3555
3651
3556
3652
3557
3653
3558
3654
3559
3655
3560
3656
3561
3657
3562
3658
3563
3659
3564
3660
3565
3661
3566
3662
3567
3663
3568
3664
3569
3665
3570
3666
3571
3667
3572
3668
3573
3669
3574
3670
3575
3671
3576
3672
3577
3673
3578
3674
3579
3675
3580
3676
3581
3677
3582
3678
3583
3679
3584
3680
3585
3681
3586
3682
3587
3683
3588
3684
3685
3590
3686
3591
3687
3592
3688
3593
3689
3594
3690
3595
3691
3596
3692
3597
3693
3598
3694
3599
3695
3600
3696
3601
3697
3602
3698
3603
3699
3604
3700
3605
3701
3606
3702
3607
3703
3608
3704
3609
3705
3610
3706
3611
3707
3612
3708
3613
3709
3614
3710
3615
3711
3616
3712
3617
3713
3618
3714
3619
3715
3620
3716
3621
3717
3622
3718
3623
3719
3624
3720
3625
3721
3626
3722
3627
3723
3628
3724
3629
3725
3630
3726
3631
3727
3632
3728
3633
3729
3634
3730
3635
3731
3636
3732
3637
3733
3638
3734
3639
3735
3640
3736
3641
3737
3642
3738
3643
3739
3644
3740
3645
3741
3646
3742
3647
3743
3648
3744
3649
3745
3650
3746
3651
3747
3652
3748
3653
3749
3654
3750
3655
3751
3656
3752
3657
3753
3658
3754
3659
3755
3660
3756
3661
3757
3662
3758
3663
3759
3664
3760
3665
3761
3666
3762
3667
3763
3668
3764
3669
3765
3670
3766
3671
3767
3672
3768
3673
3769
3674
3770
3675
3771
3676
3772
3677
3773
3678
3774
3679
3775
3680
3776
3681
3777
3682
3778
3683
3779
3684
3780
3685
3781
3782
3687
3783
3688
3784
3689
3785
3690
3786
3691
3787
3692
3788
3693
3789
3694
3790
3695
3791
3696
3792
3697
3793
3698
3794
3699
3795
3700
3796
3701
3797
3702
3798
3703
3799
3704
3800
3705
3801
3706
3802
3707
3803
3708
3804
3709
3805
3710
3806
3711
3807
3712
3808
3713
3809
3714
3810
3715
3811
3716
3812
3717
3813
3718
3814
3719
3815
3720
3816
3721
3817
3722
3818
3723
3819
3724
3820
3725
3821
3726
3822
3727
3823
3728
3824
3729
3825
3730
3826
3731
3827
3732
3828
3733
3829
3734
3830
3735
3831
3736
3832
3737
3833
3738
3834
3739
3835
3740
3836
3741
3837
3742
3838
3743
3839
3744
3840
3745
3841
3746
3842
3747
3843
3748
3844
3749
3845
3750
3846
3751
3847
3752
3848
3753
3849
3754
3850
3755
3851
3756
3852
3757
3853
3758
3854
3759
3855
3760
3856
3761
3857
3762
3858
3763
3859
3764
3860
3765
3861
3766
3862
3767
3863
3768
3864
3769
3865
3770
3866
3771
3867
3772
3868
3773
3869
3774
3870
3775
3871
3776
3872
3777
3873
3778
3874
3779
3875
3780
3876
3781
3877
3782
3878
3879
3784
3880
3785
3881
3786
3882
3787
3883
3788
3884
3789
3885
3790
3886
3791
3887
3792
3888
3793
3889
3794
3890
3795
3891
3796
3892
3797
3893
3798
3894
3799
3895
3800
3896
3801
3897
3802
3898
3803
3899
3804
3900
3805
3901
3806
3902
3807
3903
3808
3904
3809
3905
3810
3906
3811
3907
3812
3908
3813
3909
3814
3910
3815
3911
3816
3912
3817
3913
3818
3914
3819
3915
3820
3916
3821
3917
3822
3918
3823
3919
3824
3920
3825
3921
3826
3922
3827
3923
3828
3924
3829
3925
3830
3926
3831
3927
3832
3928
3833
3929
3834
3930
3835
3931
3836
3932
3837
3933
3838
3934
3839
3935
3840
3936
3841
3937
3842
3938
3843
3939
3844
3940
3845
3941
3846
3942
3847
3943
3848
3944
3849
3945
3850
3946
3851
3947
3852
3948
3853
3949
3854
3950
3855
3951
3856
3952
3857
3953
3858
3954
3859
3955
3860
3956
3861
3957
3862
3958
3863
3959
3864
3960
3865
3961
3866
3962
3867
3963
3868
3964
3869
3965
3870
3966
3871
3967
3872
3968
3873
3969
3874
3970
3875
3971
3876
3972
3877
3973
3878
3974
3879
3975
3976
3881
3977
3882
3978
3883
3979
3884
3980
3885
3981
3886
3982
3887
3983
3888
3984
3889
3985
3890
3986
3891
3987
3892
3988
3893
3989
3894
3990
3895
3991
3896
3992
3897
3993
3898
3994
3899
3995
3900
3996
3901
3997
3902
3998
3903
3999
3904
4000
3905
4001
3906
4002
3907
4003
3908
4004
3909
4005
3910
4006
3911
4007
3912
4008
3913
4009
3914
4010
3915
4011
3916
4012
3917
4013
3918
4014
3919
4015
3920
4016
3921
4017
3922
4018
3923
4019
3924
4020
3925
4021
3926
4022
3927
4023
3928
4024
3929
4025
3930
4026
3931
4027
3932
4028
3933
4029
3934
4030
3935
4031
3936
4032
3937
4033
3938
4034
3939
4035
3940
4036
3941
4037
3942
4038
3943
4039
3944
4040
3945
4041
3946
4042
3947
4043
3948
4044
3949
4045
3950
4046
3951
4047
3952
4048
3953
4049
3954
4050
3955
4051
3956
4052
3957
4053
3958
4054
3959
4055
3960
4056
3961
4057
3962
4058
3963
4059
3964
4060
3965
4061
3966
4062
3967
4063
3968
4064
3969
4065
3970
4066
3971
4067
3972
4068
3973
4069
3974
4070
3975
4071
3976
4072
4073
3978
4074
3979
4075
3980
4076
3981
4077
3982
4078
3983
4079
3984
4080
3985
4081
3986
4082
3987
4083
3988
4084
3989
4085
3990
4086
3991
4087
3992
4088
3993
4089
3994
4090
3995
4091
3996
4092
3997
4093
3998
4094
3999
4095
4000
4096
4001
4097
4002
4098
4003
4099
4004
4100
4005
4101
4006
4102
4007
4103
4008
4104
4009
4105
4010
4106
4011
4107
4012
4108
4013
4109
4014
4110
4015
4111
4016
4112
4017
4113
4018
4114
4019
4115
4020
4116
4021
4117
4022
4118
4023
4119
4024
4120
4025
4121
4026
4122
4027
4123
4028
4124
4029
4125
4030
4126
4031
4127
4032
4128
4033
4129
4034
4130
4035
4131
4036
4132
4037
4133
4038
4134
4039
4135
4040
4136
4041
4137
4042
4138
4043
4139
4044
4140
4045
4141
4046
4142
4047
4143
4048
4144
4049
4145
4050
4146
4051
4147
4052
4148
4053
4149
4054
4150
4055
4151
4056
4152
4057
4153
4058
4154
4059
4155
4060
4156
4061
4157
4062
4158
4063
4159
4064
4160
4065
4161
4066
4162
4067
4163
4068
4164
4069
4165
4070
4166
4071
4167
4072
4168
4073
4169
4170
4075
4171
4076
4172
4077
4173
4078
4174
4079
4175
4080
4176
4081
4177
4082
4178
4083
4179
4084
4180
4085
4181
4086
4182
4087
4183
4088
4184
4089
4185
4090
4186
4091
4187
4092
4188
4093
4189
4094
4190
4095
4191
4096
4192
4097
4193
4098
4194
4099
4195
4100
4196
4101
4197
4102
4198
4103
4199
4104
4200
4105
4201
4106
4202
4107
4203
4108
4204
4109
4205
4110
4206
4111
4207
4112
4208
4113
4209
4114
4210
4115
4211
4116
4212
4117
4213
4118
4214
4119
4215
4120
4216
4121
4217
4122
4218
4123
4219
4124
4220
4125
4221
4126
4222
4127
4223
4128
4224
4129
4225
4130
4226
4131
4227
4132
4228
4133
4229
4134
4230
4135
4231
4136
4232
4137
4233
4138
4234
4139
4235
4140
4236
4141
4237
4142
4238
4143
4239
4144
4240
4145
4241
4146
4242
4147
4243
4148
4244
4149
4245
4150
4246
4151
4247
4152
4248
4153
4249
4154
4250
4155
4251
4156
4252
4157
4253
4158
4254
4159
4255
4160
4256
4161
4257
4162
4258
4163
4259
4164
4260
4165
4261
4166
4262
4167
4263
4168
4264
4169
4265
4170
4266
4267
4172
4268
4173
4269
4174
4270
4175
4271
4176
4272
4177
4273
4178
4274
4179
4275
4180
4276
4181
4277
4182
4278
4183
4279
4184
4280
4185
4281
4186
4282
4187
4283
4188
4284
4189
4285
4190
4286
4191
4287
4192
4288
4193
4289
4194
4290
4195
4291
4196
4292
4197
4293
4198
4294
4199
4295
4200
4296
4201
4297
4202
4298
4203
4299
4204
4300
4205
4301
4206
4302
4207
4303
4208
4304
4209
4305
4210
4306
4211
4307
4212
4308
4213
4309
4214
4310
4215
4311
4216
4312
4217
4313
4218
4314
4219
4315
4220
4316
4221
4317
4222
4318
4223
4319
4224
4320
4225
4321
4226
4322
4227
4323
4228
4324
4229
4325
4230
4326
4231
4327
4232
4328
4233
4329
4234
4330
4235
4331
4236
4332
4237
4333
4238
4334
4239
4335
4240
4336
4241
4337
4242
4338
4243
4339
4244
4340
4245
4341
4246
4342
4247
4343
4248
4344
4249
4345
4250
4346
4251
4347
4252
4348
4253
4349
4254
4350
4255
4351
4256
4352
4257
4353
4258
4354
4259
4355
4260
4356
4261
4357
4262
4358
4263
4359
4264
4360
4265
4361
4266
4362
4267
4363
4364
4269
4365
4270
4366
4271
4367
4272
4368
4273
4369
4274
4370
4275
4371
4276
4372
4277
4373
4278
4374
4279
4375
4280
4376
4281
4377
4282
4378
4283
4379
4284
4380
4285
4381
4286
4382
4287
4383
4288
4384
4289
4385
4290
4386
4291
4387
4292
4388
4293
4389
4294
4390
4295
4391
4296
4392
4297
4393
4298
4394
4299
4395
4300
4396
4301
4397
4302
4398
4303
4399
4304
4400
4305
4401
4306
4402
4307
4403
4308
4404
4309
4405
4310
4406
4311
4407
4312
4408
4313
4409
4314
4410
4315
4411
4316
4412
4317
4413
4318
4414
4319
4415
4320
4416
4321
4417
4322
4418
4323
4419
4324
4420
4325
4421
4326
4422
4327
4423
4328
4424
4329
4425
4330
4426
4331
4427
4332
4428
4333
4429
4334
4430
4335
4431
4336
4432
4337
4433
4338
4434
4339
4435
4340
4436
4341
4437
4342
4438
4343
4439
4344
4440
4345
4441
4346
4442
4347
4443
4348
4444
4349
4445
4350
4446
4351
4447
4352
4448
4353
4449
4354
4450
4355
4451
4356
4452
4357
4453
4358
4454
4359
4455
4360
4456
4361
4457
4362
4458
4363
4459
4364
4460
4461
4366
4462
4367
4463
4368
4464
4369
4465
4370
4466
4371
4467
4372
4468
4373
4469
4374
4470
4375
4471
4376
4472
4377
4473
4378
4474
4379
4475
4380
4476
4381
4477
4382
4478
4383
4479
4384
4480
4385
4481
4386
4482
4387
4483
4388
4484
4389
4485
4390
4486
4391
4487
4392
4488
4393
4489
4394
4490
4395
4491
4396
4492
4397
4493
4398
4494
4399
4495
4400
4496
4401
4497
4402
4498
4403
4499
4404
4500
4405
4501
4406
4502
4407
4503
4408
4504
4409
4505
4410
4506
4411
4507
4412
4508
4413
4509
4414
4510
4415
4511
4416
4512
4417
4513
4418
4514
4419
4515
4420
4516
4421
4517
4422
4518
4423
4519
4424
4520
4425
4521
4426
4522
4427
4523
4428
4524
4429
4525
4430
4526
4431
4527
4432
4528
4433
4529
4434
4530
4435
4531
4436
4532
4437
4533
4438
4534
4439
4535
4440
4536
4441
4537
4442
4538
4443
4539
4444
4540
4445
4541
4446
4542
4447
4543
4448
4544
4449
4545
4450
4546
4451
4547
4452
4548
4453
4549
4454
4550
4455
4551
4456
4552
4457
4553
4458
4554
4459
4555
4460
4556
4461
4557
4558
4463
4559
4464
4560
4465
4561
4466
4562
4467
4563
4468
4564
4469
4565
4470
4566
4471
4567
4472
4568
4473
4569
4474
4570
4475
4571
4476
4572
4477
4573
4478
4574
4479
4575
4480
4576
4481
4577
4482
4578
4483
4579
4484
4580
4485
4581
4486
4582
4487
4583
4488
4584
4489
4585
4490
4586
4491
4587
4492
4588
4493
4589
4494
4590
4495
4591
4496
4592
4497
4593
4498
4594
4499
4595
4500
4596
4501
4597
4502
4598
4503
4599
4504
4600
4505
4601
4506
4602
4507
4603
4508
4604
4509
4605
4510
4606
4511
4607
4512
4608
4513
4609
4514
4610
4515
4611
4516
4612
4517
4613
4518
4614
4519
4615
4520
4616
4521
4617
4522
4618
4523
4619
4524
4620
4525
4621
4526
4622
4527
4623
4528
4624
4529
4625
4530
4626
4531
4627
4532
4628
4533
4629
4534
4630
4535
4631
4536
4632
4537
4633
4538
4634
4539
4635
4540
4636
4541
4637
4542
4638
4543
4639
4544
4640
4545
4641
4546
4642
4547
4643
4548
4644
4549
4645
4550
4646
4551
4647
4552
4648
4553
4649
4554
4650
4555
4651
4556
4652
4557
4653
4558
4654
4655
4560
4656
4561
4657
4562
4658
4563
4659
4564
4660
4565
4661
4566
4662
4567
4663
4568
4664
4569
4665
4570
4666
4571
4667
4572
4668
4573
4669
4574
4670
4575
4671
4576
4672
4577
4673
4578
4674
4579
4675
4580
4676
4581
4677
4582
4678
4583
4679
4584
4680
4585
4681
4586
4682
4587
4683
4588
4684
4589
4685
4590
4686
4591
4687
4592
4688
4593
4689
4594
4690
4595
4691
4596
4692
4597
4693
4598
4694
4599
4695
4600
4696
4601
4697
4602
4698
4603
4699
4604
4700
4605
4701
4606
4702
4607
4703
4608
4704
4609
4705
4610
4706
4611
4707
4612
4708
4613
4709
4614
4710
4615
4711
4616
4712
4617
4713
4618
4714
4619
4715
4620
4716
4621
4717
4622
4718
4623
4719
4624
4720
4625
4721
4626
4722
4627
4723
4628
4724
4629
4725
4630
4726
4631
4727
4632
4728
4633
4729
4634
4730
4635
4731
4636
4732
4637
4733
4638
4734
4639
4735
4640
4736
4641
4737
4642
4738
4643
4739
4644
4740
4645
4741
4646
4742
4647
4743
4648
4744
4649
4745
4650
4746
4651
4747
4652
4748
4653
4749
4654
4750
4655
4751
4752
4657
4753
4658
4754
4659
4755
4660
4756
4661
4757
4662
4758
4663
4759
4664
4760
4665
4761
4666
4762
4667
4763
4668
4764
4669
4765
4670
4766
4671
4767
4672
4768
4673
4769
4674
4770
4675
4771
4676
4772
4677
4773
4678
4774
4679
4775
4680
4776
4681
4777
4682
4778
4683
4779
4684
4780
4685
4781
4686
4782
4687
4783
4688
4784
4689
4785
4690
4786
4691
4787
4692
4788
4693
4789
4694
4790
4695
4791
4696
4792
4697
4793
4698
4794
4699
4795
4700
4796
4701
4797
4702
4798
4703
4799
4704
4800
4705
4801
4706
4802
4707
4803
4708
4804
4709
4805
4710
4806
4711
4807
4712
4808
4713
4809
4714
4810
4715
4811
4716
4812
4717
4813
4718
4814
4719
4815
4720
4816
4721
4817
4722
4818
4723
4819
4724
4820
4725
4821
4726
4822
4727
4823
4728
4824
4729
4825
4730
4826
4731
4827
4732
4828
4733
4829
4734
4830
4735
4831
4736
4832
4737
4833
4738
4834
4739
4835
4740
4836
4741
4837
4742
4838
4743
4839
4744
4840
4745
4841
4746
4842
4747
4843
4748
4844
4749
4845
4750
4846
4751
4847
4752
4848
4849
4754
4850
4755
4851
4756
4852
4757
4853
4758
4854
4759
4855
4760
4856
4761
4857
4762
4858
4763
4859
4764
4860
4765
4861
4766
4862
4767
4863
4768
4864
4769
4865
4770
4866
4771
4867
4772
4868
4773
4869
4774
4870
4775
4871
4776
4872
4777
4873
4778
4874
4779
4875
4780
4876
4781
4877
4782
4878
4783
4879
4784
4880
4785
4881
4786
4882
4787
4883
4788
4884
4789
4885
4790
4886
4791
4887
4792
4888
4793
4889
4794
4890
4795
4891
4796
4892
4797
4893
4798
4894
4799
4895
4800
4896
4801
4897
4802
4898
4803
4899
4804
4900
4805
4901
4806
4902
4807
4903
4808
4904
4809
4905
4810
4906
4811
4907
4812
4908
4813
4909
4814
4910
4815
4911
4816
4912
4817
4913
4818
4914
4819
4915
4820
4916
4821
4917
4822
4918
4823
4919
4824
4920
4825
4921
4826
4922
4827
4923
4828
4924
4829
4925
4830
4926
4831
4927
4832
4928
4833
4929
4834
4930
4835
4931
4836
4932
4837
4933
4838
4934
4839
4935
4840
4936
4841
4937
4842
4938
4843
4939
4844
4940
4845
4941
4846
4942
4847
4943
4848
4944
4849
4945
4946
4851
4947
4852
4948
4853
4949
4854
4950
4855
4951
4856
4952
4857
4953
4858
4954
4859
4955
4860
4956
4861
4957
4862
4958
4863
4959
4864
4960
4865
4961
4866
4962
4867
4963
4868
4964
4869
4965
4870
4966
4871
4967
4872
4968
4873
4969
4874
4970
4875
4971
4876
4972
4877
4973
4878
4974
4879
4975
4880
4976
4881
4977
4882
4978
4883
4979
4884
4980
4885
4981
4886
4982
4887
4983
4888
4984
4889
4985
4890
4986
4891
4987
4892
4988
4893
4989
4894
4990
4895
4991
4896
4992
4897
4993
4898
4994
4899
4995
4900
4996
4901
4997
4902
4998
4903
4999
4904
5000
4905
5001
4906
5002
4907
5003
4908
5004
4909
5005
4910
5006
4911
5007
4912
5008
4913
5009
4914
5010
4915
5011
4916
5012
4917
5013
4918
5014
4919
5015
4920
5016
4921
5017
4922
5018
4923
5019
4924
5020
4925
5021
4926
5022
4927
5023
4928
5024
4929
5025
4930
5026
4931
5027
4932
5028
4933
5029
4934
5030
4935
5031
4936
5032
4937
5033
4938
5034
4939
5035
4940
5036
4941
5037
4942
5038
4943
5039
4944
5040
4945
5041
4946
5042
5043
4948
5044
4949
5045
4950
5046
4951
5047
4952
5048
4953
5049
4954
5050
4955
5051
4956
5052
4957
5053
4958
5054
4959
5055
4960
5056
4961
5057
4962
5058
4963
5059
4964
5060
4965
5061
4966
5062
4967
5063
4968
5064
4969
5065
4970
5066
4971
5067
4972
5068
4973
5069
4974
5070
4975
5071
4976
5072
4977
5073
4978
5074
4979
5075
4980
5076
4981
5077
4982
5078
4983
5079
4984
5080
4985
5081
4986
5082
4987
5083
4988
5084
4989
5085
4990
5086
4991
5087
4992
5088
4993
5089
4994
5090
4995
5091
4996
5092
4997
5093
4998
5094
4999
5095
5000
5096
5001
5097
5002
5098
5003
5099
5004
5100
5005
5101
5006
5102
5007
5103
5008
5104
5009
5105
5010
5106
5011
5107
5012
5108
5013
5109
5014
5110
5015
5111
5016
5112
5017
5113
5018
5114
5019
5115
5020
5116
5021
5117
5022
5118
5023
5119
5024
5120
5025
5121
5026
5122
5027
5123
5028
5124
5029
5125
5030
5126
5031
5127
5032
5128
5033
5129
5034
5130
5035
5131
5036
5132
5037
5133
5038
5134
5039
5135
5040
5136
5041
5137
5042
5138
5043
5139
5140
5045
5141
5046
5142
5047
5143
5048
5144
5049
5145
5050
5146
5051
5147
5052
5148
5053
5149
5054
5150
5055
5151
5056
5152
5057
5153
5058
5154
5059
5155
5060
5156
5061
5157
5062
5158
5063
5159
5064
5160
5065
5161
5066
5162
5067
5163
5068
5164
5069
5165
5070
5166
5071
5167
5072
5168
5073
5169
5074
5170
5075
5171
5076
5172
5077
5173
5078
5174
5079
5175
5080
5176
5081
5177
5082
5178
5083
5179
5084
5180
5085
5181
5086
5182
5087
5183
5088
5184
5089
5185
5090
5186
5091
5187
5092
5188
5093
5189
5094
5190
5095
5191
5096
5192
5097
5193
5098
5194
5099
5195
5100
5196
5101
5197
5102
5198
5103
5199
5104
5200
5105
5201
5106
5202
5107
5203
5108
5204
5109
5205
5110
5206
5111
5207
5112
5208
5113
5209
5114
5210
5115
5211
5116
5212
5117
5213
5118
5214
5119
5215
5120
5216
5121
5217
5122
5218
5123
5219
5124
5220
5125
5221
5126
5222
5127
5223
5128
5224
5129
5225
5130
5226
5131
5227
5132
5228
5133
5229
5134
5230
5135
5231
5136
5232
5137
5233
5138
5234
5139
5235
5140
5236
5237
5142
5238
5143
5239
5144
5240
5145
5241
5146
5242
5147
5243
5148
5244
5149
5245
5150
5246
5151
5247
5152
5248
5153
5249
5154
5250
5155
5251
5156
5252
5157
5253
5158
5254
5159
5255
5160
5256
5161
5257
5162
5258
5163
5259
5164
5260
5165
5261
5166
5262
5167
5263
5168
5264
5169
5265
5170
5266
5171
5267
5172
5268
5173
5269
5174
5270
5175
5271
5176
5272
5177
5273
5178
5274
5179
5275
5180
5276
5181
5277
5182
5278
5183
5279
5184
5280
5185
5281
5186
5282
5187
5283
5188
5284
5189
5285
5190
5286
5191
5287
5192
5288
5193
5289
5194
5290
5195
5291
5196
5292
5197
5293
5198
5294
5199
5295
5200
5296
5201
5297
5202
5298
5203
5299
5204
5300
5205
5301
5206
5302
5207
5303
5208
5304
5209
5305
5210
5306
5211
5307
5212
5308
5213
5309
5214
5310
5215
5311
5216
5312
5217
5313
5218
5314
5219
5315
5220
5316
5221
5317
5222
5318
5223
5319
5224
5320
5225
5321
5226
5322
5227
5323
5228
5324
5229
5325
5230
5326
5231
5327
5232
5328
5233
5329
5234
5330
5235
5331
5236
5332
5237
5333
5334
5239
5335
5240
5336
5241
5337
5242
5338
5243
5339
5244
5340
5245
5341
5246
5342
5247
5343
5248
5344
5249
5345
5250
5346
5251
5347
5252
5348
5253
5349
5254
5350
5255
5351
5256
5352
5257
5353
5258
5354
5259
5355
5260
5356
5261
5357
5262
5358
5263
5359
5264
5360
5265
5361
5266
5362
5267
5363
5268
5364
5269
5365
5270
5366
5271
5367
5272
5368
5273
5369
5274
5370
5275
5371
5276
5372
5277
5373
5278
5374
5279
5375
5280
5376
5281
5377
5282
5378
5283
5379
5284
5380
5285
5381
5286
5382
5287
5383
5288
5384
5289
5385
5290
5386
5291
5387
5292
5388
5293
5389
5294
5390
5295
5391
5296
5392
5297
5393
5298
5394
5299
5395
5300
5396
5301
5397
5302
5398
5303
5399
5304
5400
5305
5401
5306
5402
5307
5403
5308
5404
5309
5405
5310
5406
5311
5407
5312
5408
5313
5409
5314
5410
5315
5411
5316
5412
5317
5413
5318
5414
5319
5415
5320
5416
5321
5417
5322
5418
5323
5419
5324
5420
5325
5421
5326
5422
5327
5423
5328
5424
5329
5425
5330
5426
5331
5427
5332
5428
5333
5429
5334
5430
5431
5336
5432
5337
5433
5338
5434
5339
5435
5340
5436
5341
5437
5342
5438
5343
5439
5344
5440
5345
5441
5346
5442
5347
5443
5348
5444
5349
5445
5350
5446
5351
5447
5352
5448
5353
5449
5354
5450
5355
5451
5356
5452
5357
5453
5358
5454
5359
5455
5360
5456
5361
5457
5362
5458
5363
5459
5364
5460
5365
5461
5366
5462
5367
5463
5368
5464
5369
5465
5370
5466
5371
5467
5372
5468
5373
5469
5374
5470
5375
5471
5376
5472
5377
5473
5378
5474
5379
5475
5380
5476
5381
5477
5382
5478
5383
5479
5384
5480
5385
5481
5386
5482
5387
5483
5388
5484
5389
5485
5390
5486
5391
5487
5392
5488
5393
5489
5394
5490
5395
5491
5396
5492
5397
5493
5398
5494
5399
5495
5400
5496
5401
5497
5402
5498
5403
5499
5404
5500
5405
5501
5406
5502
5407
5503
5408
5504
5409
5505
5410
5506
5411
5507
5412
5508
5413
5509
5414
5510
5415
5511
5416
5512
5417
5513
5418
5514
5419
5515
5420
5516
5421
5517
5422
5518
5423
5519
5424
5520
5425
5521
5426
5522
5427
5523
5428
5524
5429
5525
5430
5526
5431
5527
5528
5433
5529
5434
5530
5435
5531
5436
5532
5437
5533
5438
5534
5439
5535
5440
5536
5441
5537
5442
5538
5443
5539
5444
5540
5445
5541
5446
5542
5447
5543
5448
5544
5449
5545
5450
5546
5451
5547
5452
5548
5453
5549
5454
5550
5455
5551
5456
5552
5457
5553
5458
5554
5459
5555
5460
5556
5461
5557
5462
5558
5463
5559
5464
5560
5465
5561
5466
5562
5467
5563
5468
5564
5469
5565
5470
5566
5471
5567
5472
5568
5473
5569
5474
5570
5475
5571
5476
5572
5477
5573
5478
5574
5479
5575
5480
5576
5481
5577
5482
5578
5483
5579
5484
5580
5485
5581
5486
5582
5487
5583
5488
5584
5489
5585
5490
5586
5491
5587
5492
5588
5493
5589
5494
5590
5495
5591
5496
5592
5497
5593
5498
5594
5499
5595
5500
5596
5501
5597
5502
5598
5503
5599
5504
5600
5505
5601
5506
5602
5507
5603
5508
5604
5509
5605
5510
5606
5511
5607
5512
5608
5513
5609
5514
5610
5515
5611
5516
5612
5517
5613
5518
5614
5519
5615
5520
5616
5521
5617
5522
5618
5523
5619
5524
5620
5525
5621
5526
5622
5527
5623
5528
5624
5625
5530
5626
5531
5627
5532
5628
5533
5629
5534
5630
5535
5631
5536
5632
5537
5633
5538
5634
5539
5635
5540
5636
5541
5637
5542
5638
5543
5639
5544
5640
5545
5641
5546
5642
5547
5643
5548
5644
5549
5645
5550
5646
5551
5647
5552
5648
5553
5649
5554
5650
5555
5651
5556
5652
5557
5653
5558
5654
5559
5655
5560
5656
5561
5657
5562
5658
5563
5659
5564
5660
5565
5661
5566
5662
5567
5663
5568
5664
5569
5665
5570
5666
5571
5667
5572
5668
5573
5669
5574
5670
5575
5671
5576
5672
5577
5673
5578
5674
5579
5675
5580
5676
5581
5677
5582
5678
5583
5679
5584
5680
5585
5681
5586
5682
5587
5683
5588
5684
5589
5685
5590
5686
5591
5687
5592
5688
5593
5689
5594
5690
5595
5691
5596
5692
5597
5693
5598
5694
5599
5695
5600
5696
5601
5697
5602
5698
5603
5699
5604
5700
5605
5701
5606
5702
5607
5703
5608
5704
5609
5705
5610
5706
5611
5707
5612
5708
5613
5709
5614
5710
5615
5711
5616
5712
5617
5713
5618
5714
5619
5715
5620
5716
5621
5717
5622
5718
5623
5719
5624
5720
5625
5721
5722
5627
5723
5628
5724
5629
5725
5630
5726
5631
5727
5632
5728
5633
5729
5634
5730
5635
5731
5636
5732
5637
5733
5638
5734
5639
5735
5640
5736
5641
5737
5642
5738
5643
5739
5644
5740
5645
5741
5646
5742
5647
5743
5648
5744
5649
5745
5650
5746
5651
5747
5652
5748
5653
5749
5654
5750
5655
5751
5656
5752
5657
5753
5658
5754
5659
5755
5660
5756
5661
5757
5662
5758
5663
5759
5664
5760
5665
5761
5666
5762
5667
5763
5668
5764
5669
5765
5670
5766
5671
5767
5672
5768
5673
5769
5674
5770
5675
5771
5676
5772
5677
5773
5678
5774
5679
5775
5680
5776
5681
5777
5682
5778
5683
5779
5684
5780
5685
5781
5686
5782
5687
5783
5688
5784
5689
5785
5690
5786
5691
5787
5692
5788
5693
5789
5694
5790
5695
5791
5696
5792
5697
5793
5698
5794
5699
5795
5700
5796
5701
5797
5702
5798
5703
5799
5704
5800
5705
5801
5706
5802
5707
5803
5708
5804
5709
5805
5710
5806
5711
5807
5712
5808
5713
5809
5714
5810
5715
5811
5716
5812
5717
5813
5718
5814
5719
5815
5720
5816
5721
5817
5722
5818
5819
5724
5820
5725
5821
5726
5822
5727
5823
5728
5824
5729
5825
5730
5826
5731
5827
5732
5828
5733
5829
5734
5830
5735
5831
5736
5832
5737
5833
5738
5834
5739
5835
5740
5836
5741
5837
5742
5838
5743
5839
5744
5840
5745
5841
5746
5842
5747
5843
5748
5844
5749
5845
5750
5846
5751
5847
5752
5848
5753
5849
5754
5850
5755
5851
5756
5852
5757
5853
5758
5854
5759
5855
5760
5856
5761
5857
5762
5858
5763
5859
5764
5860
5765
5861
5766
5862
5767
5863
5768
5864
5769
5865
5770
5866
5771
5867
5772
5868
5773
5869
5774
5870
5775
5871
5776
5872
5777
5873
5778
5874
5779
5875
5780
5876
5781
5877
5782
5878
5783
5879
5784
5880
5785
5881
5786
5882
5787
5883
5788
5884
5789
5885
5790
5886
5791
5887
5792
5888
5793
5889
5794
5890
5795
5891
5796
5892
5797
5893
5798
5894
5799
5895
5800
5896
5801
5897
5802
5898
5803
5899
5804
5900
5805
5901
5806
5902
5807
5903
5808
5904
5809
5905
5810
5906
5811
5907
5812
5908
5813
5909
5814
5910
5815
5911
5816
5912
5817
5913
5818
5914
5819
5915
5916
5821
5917
5822
5918
5823
5919
5824
5920
5825
5921
5826
5922
5827
5923
5828
5924
5829
5925
5830
5926
5831
5927
5832
5928
5833
5929
5834
5930
5835
5931
5836
5932
5837
5933
5838
5934
5839
5935
5840
5936
5841
5937
5842
5938
5843
5939
5844
5940
5845
5941
5846
5942
5847
5943
5848
5944
5849
5945
5850
5946
5851
5947
5852
5948
5853
5949
5854
5950
5855
5951
5856
5952
5857
5953
5858
5954
5859
5955
5860
5956
5861
5957
5862
5958
5863
5959
5864
5960
5865
5961
5866
5962
5867
5963
5868
5964
5869
5965
5870
5966
5871
5967
5872
5968
5873
5969
5874
5970
5875
5971
5876
5972
5877
5973
5878
5974
5879
5975
5880
5976
5881
5977
5882
5978
5883
5979
5884
5980
5885
5981
5886
5982
5887
5983
5888
5984
5889
5985
5890
5986
5891
5987
5892
5988
5893
5989
5894
5990
5895
5991
5896
5992
5897
5993
5898
5994
5899
5995
5900
5996
5901
5997
5902
5998
5903
5999
5904
6000
5905
6001
5906
6002
5907
6003
5908
6004
5909
6005
5910
6006
5911
6007
5912
6008
5913
6009
5914
6010
5915
6011
5916
6012
6013
5918
6014
5919
6015
5920
6016
5921
6017
5922
6018
5923
6019
5924
6020
5925
6021
5926
6022
5927
6023
5928
6024
5929
6025
5930
6026
5931
6027
5932
6028
5933
6029
5934
6030
5935
6031
5936
6032
5937
6033
5938
6034
5939
6035
5940
6036
5941
6037
5942
6038
5943
6039
5944
6040
5945
6041
5946
6042
5947
6043
5948
6044
5949
6045
5950
6046
5951
6047
5952
6048
5953
6049
5954
6050
5955
6051
5956
6052
5957
6053
5958
6054
5959
6055
5960
6056
5961
6057
5962
6058
5963
6059
5964
6060
5965
6061
5966
6062
5967
6063
5968
6064
5969
6065
5970
6066
5971
6067
5972
6068
5973
6069
5974
6070
5975
6071
5976
6072
5977
6073
5978
6074
5979
6075
5980
6076
5981
6077
5982
6078
5983
6079
5984
6080
5985
6081
5986
6082
5987
6083
5988
6084
5989
6085
5990
6086
5991
6087
5992
6088
5993
6089
5994
6090
5995
6091
5996
6092
5997
6093
5998
6094
5999
6095
6000
6096
6001
6097
6002
6098
6003
6099
6004
6100
6005
6101
6006
6102
6007
6103
6008
6104
6009
6105
6010
6106
6011
6107
6012
6108
6013
6109
6110
6015
6111
6016
6112
6017
6113
6018
6114
6019
6115
6020
6116
6021
6117
6022
6118
6023
6119
6024
6120
6025
6121
6026
6122
6027
6123
6028
6124
6029
6125
6030
6126
6031
6127
6032
6128
6033
6129
6034
6130
6035
6131
6036
6132
6037
6133
6038
6134
6039
6135
6040
6136
6041
6137
6042
6138
6043
6139
6044
6140
6045
6141
6046
6142
6047
6143
6048
6144
6049
6145
6050
6146
6051
6147
6052
6148
6053
6149
6054
6150
6055
6151
6056
6152
6057
6153
6058
6154
6059
6155
6060
6156
6061
6157
6062
6158
6063
6159
6064
6160
6065
6161
6066
6162
6067
6163
6068
6164
6069
6165
6070
6166
6071
6167
6072
6168
6073
6169
6074
6170
6075
6171
6076
6172
6077
6173
6078
6174
6079
6175
6080
6176
6081
6177
6082
6178
6083
6179
6084
6180
6085
6181
6086
6182
6087
6183
6088
6184
6089
6185
6090
6186
6091
6187
6092
6188
6093
6189
6094
6190
6095
6191
6096
6192
6097
6193
6098
6194
6099
6195
6100
6196
6101
6197
6102
6198
6103
6199
6104
6200
6105
6201
6106
6202
6107
6203
6108
6204
6109
6205
6110
6206
6207
6112
6208
6113
6209
6114
6210
6115
6211
6116
6212
6117
6213
6118
6214
6119
6215
6120
6216
6121
6217
6122
6218
6123
6219
6124
6220
6125
6221
6126
6222
6127
6223
6128
6224
6129
6225
6130
6226
6131
6227
6132
6228
6133
6229
6134
6230
6135
6231
6136
6232
6137
6233
6138
6234
6139
6235
6140
6236
6141
6237
6142
6238
6143
6239
6144
6240
6145
6241
6146
6242
6147
6243
6148
6244
6149
6245
6150
6246
6151
6247
6152
6248
6153
6249
6154
6250
6155
6251
6156
6252
6157
6253
6158
6254
6159
6255
6160
6256
6161
6257
6162
6258
6163
6259
6164
6260
6165
6261
6166
6262
6167
6263
6168
6264
6169
6265
6170
6266
6171
6267
6172
6268
6173
6269
6174
6270
6175
6271
6176
6272
6177
6273
6178
6274
6179
6275
6180
6276
6181
6277
6182
6278
6183
6279
6184
6280
6185
6281
6186
6282
6187
6283
6188
6284
6189
6285
6190
6286
6191
6287
6192
6288
6193
6289
6194
6290
6195
6291
6196
6292
6197
6293
6198
6294
6199
6295
6200
6296
6201
6297
6202
6298
6203
6299
6204
6300
6205
6301
6206
6302
6207
6303
6304
6209
6305
6210
6306
6211
6307
6212
6308
6213
6309
6214
6310
6215
6311
6216
6312
6217
6313
6218
6314
6219
6315
6220
6316
6221
6317
6222
6318
6223
6319
6224
6320
6225
6321
6226
6322
6227
6323
6228
6324
6229
6325
6230
6326
6231
6327
6232
6328
6233
6329
6234
6330
6235
6331
6236
6332
6237
6333
6238
6334
6239
6335
6240
6336
6241
6337
6242
6338
6243
6339
6244
6340
6245
6341
6246
6342
6247
6343
6248
6344
6249
6345
6250
6346
6251
6347
6252
6348
6253
6349
6254
6350
6255
6351
6256
6352
6257
6353
6258
6354
6259
6355
6260
6356
6261
6357
6262
6358
6263
6359
6264
6360
6265
6361
6266
6362
6267
6363
6268
6364
6269
6365
6270
6366
6271
6367
6272
6368
6273
6369
6274
6370
6275
6371
6276
6372
6277
6373
6278
6374
6279
6375
6280
6376
6281
6377
6282
6378
6283
6379
6284
6380
6285
6381
6286
6382
6287
6383
6288
6384
6289
6385
6290
6386
6291
6387
6292
6388
6293
6389
6294
6390
6295
6391
6296
6392
6297
6393
6298
6394
6299
6395
6300
6396
6301
6397
6302
6398
6303
6399
6304
6400
6401
6306
6402
6307
6403
6308
6404
6309
6405
6310
6406
6311
6407
6312
6408
6313
6409
6314
6410
6315
6411
6316
6412
6317
6413
6318
6414
6319
6415
6320
6416
6321
6417
6322
6418
6323
6419
6324
6420
6325
6421
6326
6422
6327
6423
6328
6424
6329
6425
6330
6426
6331
6427
6332
6428
6333
6429
6334
6430
6335
6431
6336
6432
6337
6433
6338
6434
6339
6435
6340
6436
6341
6437
6342
6438
6343
6439
6344
6440
6345
6441
6346
6442
6347
6443
6348
6444
6349
6445
6350
6446
6351
6447
6352
6448
6353
6449
6354
6450
6355
6451
6356
6452
6357
6453
6358
6454
6359
6455
6360
6456
6361
6457
6362
6458
6363
6459
6364
6460
6365
6461
6366
6462
6367
6463
6368
6464
6369
6465
6370
6466
6371
6467
6372
6468
6373
6469
6374
6470
6375
6471
6376
6472
6377
6473
6378
6474
6379
6475
6380
6476
6381
6477
6382
6478
6383
6479
6384
6480
6385
6481
6386
6482
6387
6483
6388
6484
6389
6485
6390
6486
6391
6487
6392
6488
6393
6489
6394
6490
6395
6491
6396
6492
6397
6493
6398
6494
6399
6495
6400
6496
6401
6497
6498
6403
6499
6404
6500
6405
6501
6406
6502
6407
6503
6408
6504
6409
6505
6410
6506
6411
6507
6412
6508
6413
6509
6414
6510
6415
6511
6416
6512
6417
6513
6418
6514
6419
6515
6420
6516
6421
6517
6422
6518
6423
6519
6424
6520
6425
6521
6426
6522
6427
6523
6428
6524
6429
6525
6430
6526
6431
6527
6432
6528
6433
6529
6434
6530
6435
6531
6436
6532
6437
6533
6438
6534
6439
6535
6440
6536
6441
6537
6442
6538
6443
6539
6444
6540
6445
6541
6446
6542
6447
6543
6448
6544
6449
6545
6450
6546
6451
6547
6452
6548
6453
6549
6454
6550
6455
6551
6456
6552
6457
6553
6458
6554
6459
6555
6460
6556
6461
6557
6462
6558
6463
6559
6464
6560
6465
6561
6466
6562
6467
6563
6468
6564
6469
6565
6470
6566
6471
6567
6472
6568
6473
6569
6474
6570
6475
6571
6476
6572
6477
6573
6478
6574
6479
6575
6480
6576
6481
6577
6482
6578
6483
6579
6484
6580
6485
6581
6486
6582
6487
6583
6488
6584
6489
6585
6490
6586
6491
6587
6492
6588
6493
6589
6494
6590
6495
6591
6496
6592
6497
6593
6498
6594
6595
6500
6596
6501
6597
6502
6598
6503
6599
6504
6600
6505
6601
6506
6602
6507
6603
6508
6604
6509
6605
6510
6606
6511
6607
6512
6608
6513
6609
6514
6610
6515
6611
6516
6612
6517
6613
6518
6614
6519
6615
6520
6616
6521
6617
6522
6618
6523
6619
6524
6620
6525
6621
6526
6622
6527
6623
6528
6624
6529
6625
6530
6626
6531
6627
6532
6628
6533
6629
6534
6630
6535
6631
6536
6632
6537
6633
6538
6634
6539
6635
6540
6636
6541
6637
6542
6638
6543
6639
6544
6640
6545
6641
6546
6642
6547
6643
6548
6644
6549
6645
6550
6646
6551
6647
6552
6648
6553
6649
6554
6650
6555
6651
6556
6652
6557
6653
6558
6654
6559
6655
6560
6656
6561
6657
6562
6658
6563
6659
6564
6660
6565
6661
6566
6662
6567
6663
6568
6664
6569
6665
6570
6666
6571
6667
6572
6668
6573
6669
6574
6670
6575
6671
6576
6672
6577
6673
6578
6674
6579
6675
6580
6676
6581
6677
6582
6678
6583
6679
6584
6680
6585
6681
6586
6682
6587
6683
6588
6684
6589
6685
6590
6686
6591
6687
6592
6688
6593
6689
6594
6690
6595
6691
6692
6597
6693
6598
6694
6599
6695
6600
6696
6601
6697
6602
6698
6603
6699
6604
6700
6605
6701
6606
6702
6607
6703
6608
6704
6609
6705
6610
6706
6611
6707
6612
6708
6613
6709
6614
6710
6615
6711
6616
6712
6617
6713
6618
6714
6619
6715
6620
6716
6621
6717
6622
6718
6623
6719
6624
6720
6625
6721
6626
6722
6627
6723
6628
6724
6629
6725
6630
6726
6631
6727
6632
6728
6633
6729
6634
6730
6635
6731
6636
6732
6637
6733
6638
6734
6639
6735
6640
6736
6641
6737
6642
6738
6643
6739
6644
6740
6645
6741
6646
6742
6647
6743
6648
6744
6649
6745
6650
6746
6651
6747
6652
6748
6653
6749
6654
6750
6655
6751
6656
6752
6657
6753
6658
6754
6659
6755
6660
6756
6661
6757
6662
6758
6663
6759
6664
6760
6665
6761
6666
6762
6667
6763
6668
6764
6669
6765
6670
6766
6671
6767
6672
6768
6673
6769
6674
6770
6675
6771
6676
6772
6677
6773
6678
6774
6679
6775
6680
6776
6681
6777
6682
6778
6683
6779
6684
6780
6685
6781
6686
6782
6687
6783
6688
6784
6689
6785
6690
6786
6691
6787
6692
6788
6789
6694
6790
6695
6791
6696
6792
6697
6793
6698
6794
6699
6795
6700
6796
6701
6797
6702
6798
6703
6799
6704
6800
6705
6801
6706
6802
6707
6803
6708
6804
6709
6805
6710
6806
6711
6807
6712
6808
6713
6809
6714
6810
6715
6811
6716
6812
6717
6813
6718
6814
6719
6815
6720
6816
6721
6817
6722
6818
6723
6819
6724
6820
6725
6821
6726
6822
6727
6823
6728
6824
6729
6825
6730
6826
6731
6827
6732
6828
6733
6829
6734
6830
6735
6831
6736
6832
6737
6833
6738
6834
6739
6835
6740
6836
6741
6837
6742
6838
6743
6839
6744
6840
6745
6841
6746
6842
6747
6843
6748
6844
6749
6845
6750
6846
6751
6847
6752
6848
6753
6849
6754
6850
6755
6851
6756
6852
6757
6853
6758
6854
6759
6855
6760
6856
6761
6857
6762
6858
6763
6859
6764
6860
6765
6861
6766
6862
6767
6863
6768
6864
6769
6865
6770
6866
6771
6867
6772
6868
6773
6869
6774
6870
6775
6871
6776
6872
6777
6873
6778
6874
6779
6875
6780
6876
6781
6877
6782
6878
6783
6879
6784
6880
6785
6881
6786
6882
6787
6883
6788
6884
6789
6885
6886
6791
6887
6792
6888
6793
6889
6794
6890
6795
6891
6796
6892
6797
6893
6798
6894
6799
6895
6800
6896
6801
6897
6802
6898
6803
6899
6804
6900
6805
6901
6806
6902
6807
6903
6808
6904
6809
6905
6810
6906
6811
6907
6812
6908
6813
6909
6814
6910
6815
6911
6816
6912
6817
6913
6818
6914
6819
6915
6820
6916
6821
6917
6822
6918
6823
6919
6824
6920
6825
6921
6826
6922
6827
6923
6828
6924
6829
6925
6830
6926
6831
6927
6832
6928
6833
6929
6834
6930
6835
6931
6836
6932
6837
6933
6838
6934
6839
6935
6840
6936
6841
6937
6842
6938
6843
6939
6844
6940
6845
6941
6846
6942
6847
6943
6848
6944
6849
6945
6850
6946
6851
6947
6852
6948
6853
6949
6854
6950
6855
6951
6856
6952
6857
6953
6858
6954
6859
6955
6860
6956
6861
6957
6862
6958
6863
6959
6864
6960
6865
6961
6866
6962
6867
6963
6868
6964
6869
6965
6870
6966
6871
6967
6872
6968
6873
6969
6874
6970
6875
6971
6876
6972
6877
6973
6878
6974
6879
6975
6880
6976
6881
6977
6882
6978
6883
6979
6884
6980
6885
6981
6886
6982
6983
6888
6984
6889
6985
6890
6986
6891
6987
6892
6988
6893
6989
6894
6990
6895
6991
6896
6992
6897
6993
6898
6994
6899
6995
6900
6996
6901
6997
6902
6998
6903
6999
6904
7000
6905
7001
6906
7002
6907
7003
6908
7004
6909
7005
6910
7006
6911
7007
6912
7008
6913
7009
6914
7010
6915
7011
6916
7012
6917
7013
6918
7014
6919
7015
6920
7016
6921
7017
6922
7018
6923
7019
6924
7020
6925
7021
6926
7022
6927
7023
6928
7024
6929
7025
6930
7026
6931
7027
6932
7028
6933
7029
6934
7030
6935
7031
6936
7032
6937
7033
6938
7034
6939
7035
6940
7036
6941
7037
6942
7038
6943
7039
6944
7040
6945
7041
6946
7042
6947
7043
6948
7044
6949
7045
6950
7046
6951
7047
6952
7048
6953
7049
6954
7050
6955
7051
6956
7052
6957
7053
6958
7054
6959
7055
6960
7056
6961
7057
6962
7058
6963
7059
6964
7060
6965
7061
6966
7062
6967
7063
6968
7064
6969
7065
6970
7066
6971
7067
6972
7068
6973
7069
6974
7070
6975
7071
6976
7072
6977
7073
6978
7074
6979
7075
6980
7076
6981
7077
6982
7078
6983
7079
7080
6985
7081
6986
7082
6987
7083
6988
7084
6989
7085
6990
7086
6991
7087
6992
7088
6993
7089
6994
7090
6995
7091
6996
7092
6997
7093
6998
7094
6999
7095
7000
7096
7001
7097
7002
7098
7003
7099
7004
7100
7005
7101
7006
7102
7007
7103
7008
7104
7009
7105
7010
7106
7011
7107
7012
7108
7013
7109
7014
7110
7015
7111
7016
7112
7017
7113
7018
7114
7019
7115
7020
7116
7021
7117
7022
7118
7023
7119
7024
7120
7025
7121
7026
7122
7027
7123
7028
7124
7029
7125
7030
7126
7031
7127
7032
7128
7033
7129
7034
7130
7035
7131
7036
7132
7037
7133
7038
7134
7039
7135
7040
7136
7041
7137
7042
7138
7043
7139
7044
7140
7045
7141
7046
7142
7047
7143
7048
7144
7049
7145
7050
7146
7051
7147
7052
7148
7053
7149
7054
7150
7055
7151
7056
7152
7057
7153
7058
7154
7059
7155
7060
7156
7061
7157
7062
7158
7063
7159
7064
7160
7065
7161
7066
7162
7067
7163
7068
7164
7069
7165
7070
7166
7071
7167
7072
7168
7073
7169
7074
7170
7075
7171
7076
7172
7077
7173
7078
7174
7079
7175
7080
7176
7177
7082
7178
7083
7179
7084
7180
7085
7181
7086
7182
7087
7183
7088
7184
7089
7185
7090
7186
7091
7187
7092
7188
7093
7189
7094
7190
7095
7191
7096
7192
7097
7193
7098
7194
7099
7195
7100
7196
7101
7197
7102
7198
7103
7199
7104
7200
7105
7201
7106
7202
7107
7203
7108
7204
7109
7205
7110
7206
7111
7207
7112
7208
7113
7209
7114
7210
7115
7211
7116
7212
7117
7213
7118
7214
7119
7215
7120
7216
7121
7217
7122
7218
7123
7219
7124
7220
7125
7221
7126
7222
7127
7223
7128
7224
7129
7225
7130
7226
7131
7227
7132
7228
7133
7229
7134
7230
7135
7231
7136
7232
7137
7233
7138
7234
7139
7235
7140
7236
7141
7237
7142
7238
7143
7239
7144
7240
7145
7241
7146
7242
7147
7243
7148
7244
7149
7245
7150
7246
7151
7247
7152
7248
7153
7249
7154
7250
7155
7251
7156
7252
7157
7253
7158
7254
7159
7255
7160
7256
7161
7257
7162
7258
7163
7259
7164
7260
7165
7261
7166
7262
7167
7263
7168
7264
7169
7265
7170
7266
7171
7267
7172
7268
7173
7269
7174
7270
7175
7271
7176
7272
7177
7273
7274
7179
7275
7180
7276
7181
7277
7182
7278
7183
7279
7184
7280
7185
7281
7186
7282
7187
7283
7188
7284
7189
7285
7190
7286
7191
7287
7192
7288
7193
7289
7194
7290
7195
7291
7196
7292
7197
7293
7198
7294
7199
7295
7200
7296
7201
7297
7202
7298
7203
7299
7204
7300
7205
7301
7206
7302
7207
7303
7208
7304
7209
7305
7210
7306
7211
7307
7212
7308
7213
7309
7214
7310
7215
7311
7216
7312
7217
7313
7218
7314
7219
7315
7220
7316
7221
7317
7222
7318
7223
7319
7224
7320
7225
7321
7226
7322
7227
7323
7228
7324
7229
7325
7230
7326
7231
7327
7232
7328
7233
7329
7234
7330
7235
7331
7236
7332
7237
7333
7238
7334
7239
7335
7240
7336
7241
7337
7242
7338
7243
7339
7244
7340
7245
7341
7246
7342
7247
7343
7248
7344
7249
7345
7250
7346
7251
7347
7252
7348
7253
7349
7254
7350
7255
7351
7256
7352
7257
7353
7258
7354
7259
7355
7260
7356
7261
7357
7262
7358
7263
7359
7264
7360
7265
7361
7266
7362
7267
7363
7268
7364
7269
7365
7270
7366
7271
7367
7272
7368
7273
7369
7274
7370
7371
7276
7372
7277
7373
7278
7374
7279
7375
7280
7376
7281
7377
7282
7378
7283
7379
7284
7380
7285
7381
7286
7382
7287
7383
7288
7384
7289
7385
7290
7386
7291
7387
7292
7388
7293
7389
7294
7390
7295
7391
7296
7392
7297
7393
7298
7394
7299
7395
7300
7396
7301
7397
7302
7398
7303
7399
7304
7400
7305
7401
7306
7402
7307
7403
7308
7404
7309
7405
7310
7406
7311
7407
7312
7408
7313
7409
7314
7410
7315
7411
7316
7412
7317
7413
7318
7414
7319
7415
7320
7416
7321
7417
7322
7418
7323
7419
7324
7420
7325
7421
7326
7422
7327
7423
7328
7424
7329
7425
7330
7426
7331
7427
7332
7428
7333
7429
7334
7430
7335
7431
7336
7432
7337
7433
7338
7434
7339
7435
7340
7436
7341
7437
7342
7438
7343
7439
7344
7440
7345
7441
7346
7442
7347
7443
7348
7444
7349
7445
7350
7446
7351
7447
7352
7448
7353
7449
7354
7450
7355
7451
7356
7452
7357
7453
7358
7454
7359
7455
7360
7456
7361
7457
7362
7458
7363
7459
7364
7460
7365
7461
7366
7462
7367
7463
7368
7464
7369
7465
7370
7466
7371
7467
7468
7373
7469
7374
7470
7375
7471
7376
7472
7377
7473
7378
7474
7379
7475
7380
7476
7381
7477
7382
7478
7383
7479
7384
7480
7385
7481
7386
7482
7387
7483
7388
7484
7389
7485
7390
7486
7391
7487
7392
7488
7393
7489
7394
7490
7395
7491
7396
7492
7397
7493
7398
7494
7399
7495
7400
7496
7401
7497
7402
7498
7403
7499
7404
7500
7405
7501
7406
7502
7407
7503
7408
7504
7409
7505
7410
7506
7411
7507
7412
7508
7413
7509
7414
7510
7415
7511
7416
7512
7417
7513
7418
7514
7419
7515
7420
7516
7421
7517
7422
7518
7423
7519
7424
7520
7425
7521
7426
7522
7427
7523
7428
7524
7429
7525
7430
7526
7431
7527
7432
7528
7433
7529
7434
7530
7435
7531
7436
7532
7437
7533
7438
7534
7439
7535
7440
7536
7441
7537
7442
7538
7443
7539
7444
7540
7445
7541
7446
7542
7447
7543
7448
7544
7449
7545
7450
7546
7451
7547
7452
7548
7453
7549
7454
7550
7455
7551
7456
7552
7457
7553
7458
7554
7459
7555
7460
7556
7461
7557
7462
7558
7463
7559
7464
7560
7465
7561
7466
7562
7467
7563
7468
7564
7565
7470
7566
7471
7567
7472
7568
7473
7569
7474
7570
7475
7571
7476
7572
7477
7573
7478
7574
7479
7575
7480
7576
7481
7577
7482
7578
7483
7579
7484
7580
7485
7581
7486
7582
7487
7583
7488
7584
7489
7585
7490
7586
7491
7587
7492
7588
7493
7589
7494
7590
7495
7591
7496
7592
7497
7593
7498
7594
7499
7595
7500
7596
7501
7597
7502
7598
7503
7599
7504
7600
7505
7601
7506
7602
7507
7603
7508
7604
7509
7605
7510
7606
7511
7607
7512
7608
7513
7609
7514
7610
7515
7611
7516
7612
7517
7613
7518
7614
7519
7615
7520
7616
7521
7617
7522
7618
7523
7619
7524
7620
7525
7621
7526
7622
7527
7623
7528
7624
7529
7625
7530
7626
7531
7627
7532
7628
7533
7629
7534
7630
7535
7631
7536
7632
7537
7633
7538
7634
7539
7635
7540
7636
7541
7637
7542
7638
7543
7639
7544
7640
7545
7641
7546
7642
7547
7643
7548
7644
7549
7645
7550
7646
7551
7647
7552
7648
7553
7649
7554
7650
7555
7651
7556
7652
7557
7653
7558
7654
7559
7655
7560
7656
7561
7657
7562
7658
7563
7659
7564
7660
7565
7661
7662
7567
7663
7568
7664
7569
7665
7570
7666
7571
7667
7572
7668
7573
7669
7574
7670
7575
7671
7576
7672
7577
7673
7578
7674
7579
7675
7580
7676
7581
7677
7582
7678
7583
7679
7584
7680
7585
7681
7586
7682
7587
7683
7588
7684
7589
7685
7590
7686
7591
7687
7592
7688
7593
7689
7594
7690
7595
7691
7596
7692
7597
7693
7598
7694
7599
7695
7600
7696
7601
7697
7602
7698
7603
7699
7604
7700
7605
7701
7606
7702
7607
7703
7608
7704
7609
7705
7610
7706
7611
7707
7612
7708
7613
7709
7614
7710
7615
7711
7616
7712
7617
7713
7618
7714
7619
7715
7620
7716
7621
7717
7622
7718
7623
7719
7624
7720
7625
7721
7626
7722
7627
7723
7628
7724
7629
7725
7630
7726
7631
7727
7632
7728
7633
7729
7634
7730
7635
7731
7636
7732
7637
7733
7638
7734
7639
7735
7640
7736
7641
7737
7642
7738
7643
7739
7644
7740
7645
7741
7646
7742
7647
7743
7648
7744
7649
7745
7650
7746
7651
7747
7652
7748
7653
7749
7654
7750
7655
7751
7656
7752
7657
7753
7658
7754
7659
7755
7660
7756
7661
7757
7662
7758
7759
7664
7760
7665
7761
7666
7762
7667
7763
7668
7764
7669
7765
7670
7766
7671
7767
7672
7768
7673
7769
7674
7770
7675
7771
7676
7772
7677
7773
7678
7774
7679
7775
7680
7776
7681
7777
7682
7778
7683
7779
7684
7780
7685
7781
7686
7782
7687
7783
7688
7784
7689
7785
7690
7786
7691
7787
7692
7788
7693
7789
7694
7790
7695
7791
7696
7792
7697
7793
7698
7794
7699
7795
7700
7796
7701
7797
7702
7798
7703
7799
7704
7800
7705
7801
7706
7802
7707
7803
7708
7804
7709
7805
7710
7806
7711
7807
7712
7808
7713
7809
7714
7810
7715
7811
7716
7812
7717
7813
7718
7814
7719
7815
7720
7816
7721
7817
7722
7818
7723
7819
7724
7820
7725
7821
7726
7822
7727
7823
7728
7824
7729
7825
7730
7826
7731
7827
7732
7828
7733
7829
7734
7830
7735
7831
7736
7832
7737
7833
7738
7834
7739
7835
7740
7836
7741
7837
7742
7838
7743
7839
7744
7840
7745
7841
7746
7842
7747
7843
7748
7844
7749
7845
7750
7846
7751
7847
7752
7848
7753
7849
7754
7850
7755
7851
7756
7852
7757
7853
7758
7854
7759
7855
7856
7761
7857
7762
7858
7763
7859
7764
7860
7765
7861
7766
7862
7767
7863
7768
7864
7769
7865
7770
7866
7771
7867
7772
7868
7773
7869
7774
7870
7775
7871
7776
7872
7777
7873
7778
7874
7779
7875
7780
7876
7781
7877
7782
7878
7783
7879
7784
7880
7785
7881
7786
7882
7787
7883
7788
7884
7789
7885
7790
7886
7791
7887
7792
7888
7793
7889
7794
7890
7795
7891
7796
7892
7797
7893
7798
7894
7799
7895
7800
7896
7801
7897
7802
7898
7803
7899
7804
7900
7805
7901
7806
7902
7807
7903
7808
7904
7809
7905
7810
7906
7811
7907
7812
7908
7813
7909
7814
7910
7815
7911
7816
7912
7817
7913
7818
7914
7819
7915
7820
7916
7821
7917
7822
7918
7823
7919
7824
7920
7825
7921
7826
7922
7827
7923
7828
7924
7829
7925
7830
7926
7831
7927
7832
7928
7833
7929
7834
7930
7835
7931
7836
7932
7837
7933
7838
7934
7839
7935
7840
7936
7841
7937
7842
7938
7843
7939
7844
7940
7845
7941
7846
7942
7847
7943
7848
7944
7849
7945
7850
7946
7851
7947
7852
7948
7853
7949
7854
7950
7855
7951
7856
7952
7953
7858
7954
7859
7955
7860
7956
7861
7957
7862
7958
7863
7959
7864
7960
7865
7961
7866
7962
7867
7963
7868
7964
7869
7965
7870
7966
7871
7967
7872
7968
7873
7969
7874
7970
7875
7971
7876
7972
7877
7973
7878
7974
7879
7975
7880
7976
7881
7977
7882
7978
7883
7979
7884
7980
7885
7981
7886
7982
7887
7983
7888
7984
7889
7985
7890
7986
7891
7987
7892
7988
7893
7989
7894
7990
7895
7991
7896
7992
7897
7993
7898
7994
7899
7995
7900
7996
7901
7997
7902
7998
7903
7999
7904
8000
7905
8001
7906
8002
7907
8003
7908
8004
7909
8005
7910
8006
7911
8007
7912
8008
7913
8009
7914
8010
7915
8011
7916
8012
7917
8013
7918
8014
7919
8015
7920
8016
7921
8017
7922
8018
7923
8019
7924
8020
7925
8021
7926
8022
7927
8023
7928
8024
7929
8025
7930
8026
7931
8027
7932
8028
7933
8029
7934
8030
7935
8031
7936
8032
7937
8033
7938
8034
7939
8035
7940
8036
7941
8037
7942
8038
7943
8039
7944
8040
7945
8041
7946
8042
7947
8043
7948
8044
7949
8045
7950
8046
7951
8047
7952
8048
7953
8049
8050
7955
8051
7956
8052
7957
8053
7958
8054
7959
8055
7960
8056
7961
8057
7962
8058
7963
8059
7964
8060
7965
8061
7966
8062
7967
8063
7968
8064
7969
8065
7970
8066
7971
8067
7972
8068
7973
8069
7974
8070
7975
8071
7976
8072
7977
8073
7978
8074
7979
8075
7980
8076
7981
8077
7982
8078
7983
8079
7984
8080
7985
8081
7986
8082
7987
8083
7988
8084
7989
8085
7990
8086
7991
8087
7992
8088
7993
8089
7994
8090
7995
8091
7996
8092
7997
8093
7998
8094
7999
8095
8000
8096
8001
8097
8002
8098
8003
8099
8004
8100
8005
8101
8006
8102
8007
8103
8008
8104
8009
8105
8010
8106
8011
8107
8012
8108
8013
8109
8014
8110
8015
8111
8016
8112
8017
8113
8018
8114
8019
8115
8020
8116
8021
8117
8022
8118
8023
8119
8024
8120
8025
8121
8026
8122
8027
8123
8028
8124
8029
8125
8030
8126
8031
8127
8032
8128
8033
8129
8034
8130
8035
8131
8036
8132
8037
8133
8038
8134
8039
8135
8040
8136
8041
8137
8042
8138
8043
8139
8044
8140
8045
8141
8046
8142
8047
8143
8048
8144
8049
8145
8050
8146
8147
8052
8148
8053
8149
8054
8150
8055
8151
8056
8152
8057
8153
8058
8154
8059
8155
8060
8156
8061
8157
8062
8158
8063
8159
8064
8160
8065
8161
8066
8162
8067
8163
8068
8164
8069
8165
8070
8166
8071
8167
8072
8168
8073
8169
8074
8170
8075
8171
8076
8172
8077
8173
8078
8174
8079
8175
8080
8176
8081
8177
8082
8178
8083
8179
8084
8180
8085
8181
8086
8182
8087
8183
8088
8184
8089
8185
8090
8186
8091
8187
8092
8188
8093
8189
8094
8190
8095
8191
8096
8192
8097
8193
8098
8194
8099
8195
8100
8196
8101
8197
8102
8198
8103
8199
8104
8200
8105
8201
8106
8202
8107
8203
8108
8204
8109
8205
8110
8206
8111
8207
8112
8208
8113
8209
8114
8210
8115
8211
8116
8212
8117
8213
8118
8214
8119
8215
8120
8216
8121
8217
8122
8218
8123
8219
8124
8220
8125
8221
8126
8222
8127
8223
8128
8224
8129
8225
8130
8226
8131
8227
8132
8228
8133
8229
8134
8230
8135
8231
8136
8232
8137
8233
8138
8234
8139
8235
8140
8236
8141
8237
8142
8238
8143
8239
8144
8240
8145
8241
8146
8242
8147
8243
8244
8149
8245
8150
8246
8151
8247
8152
8248
8153
8249
8154
8250
8155
8251
8156
8252
8157
8253
8158
8254
8159
8255
8160
8256
8161
8257
8162
8258
8163
8259
8164
8260
8165
8261
8166
8262
8167
8263
8168
8264
8169
8265
8170
8266
8171
8267
8172
8268
8173
8269
8174
8270
8175
8271
8176
8272
8177
8273
8178
8274
8179
8275
8180
8276
8181
8277
8182
8278
8183
8279
8184
8280
8185
8281
8186
8282
8187
8283
8188
8284
8189
8285
8190
8286
8191
8287
8192
8288
8193
8289
8194
8290
8195
8291
8196
8292
8197
8293
8198
8294
8199
8295
8200
8296
8201
8297
8202
8298
8203
8299
8204
8300
8205
8301
8206
8302
8207
8303
8208
8304
8209
8305
8210
8306
8211
8307
8212
8308
8213
8309
8214
8310
8215
8311
8216
8312
8217
8313
8218
8314
8219
8315
8220
8316
8221
8317
8222
8318
8223
8319
8224
8320
8225
8321
8226
8322
8227
8323
8228
8324
8229
8325
8230
8326
8231
8327
8232
8328
8233
8329
8234
8330
8235
8331
8236
8332
8237
8333
8238
8334
8239
8335
8240
8336
8241
8337
8242
8338
8243
8339
8244
8340
8341
8246
8342
8247
8343
8248
8344
8249
8345
8250
8346
8251
8347
8252
8348
8253
8349
8254
8350
8255
8351
8256
8352
8257
8353
8258
8354
8259
8355
8260
8356
8261
8357
8262
8358
8263
8359
8264
8360
8265
8361
8266
8362
8267
8363
8268
8364
8269
8365
8270
8366
8271
8367
8272
8368
8273
8369
8274
8370
8275
8371
8276
8372
8277
8373
8278
8374
8279
8375
8280
8376
8281
8377
8282
8378
8283
8379
8284
8380
8285
8381
8286
8382
8287
8383
8288
8384
8289
8385
8290
8386
8291
8387
8292
8388
8293
8389
8294
8390
8295
8391
8296
8392
8297
8393
8298
8394
8299
8395
8300
8396
8301
8397
8302
8398
8303
8399
8304
8400
8305
8401
8306
8402
8307
8403
8308
8404
8309
8405
8310
8406
8311
8407
8312
8408
8313
8409
8314
8410
8315
8411
8316
8412
8317
8413
8318
8414
8319
8415
8320
8416
8321
8417
8322
8418
8323
8419
8324
8420
8325
8421
8326
8422
8327
8423
8328
8424
8329
8425
8330
8426
8331
8427
8332
8428
8333
8429
8334
8430
8335
8431
8336
8432
8337
8433
8338
8434
8339
8435
8340
8436
8341
8437
8438
8343
8439
8344
8440
8345
8441
8346
8442
8347
8443
8348
8444
8349
8445
8350
8446
8351
8447
8352
8448
8353
8449
8354
8450
8355
8451
8356
8452
8357
8453
8358
8454
8359
8455
8360
8456
8361
8457
8362
8458
8363
8459
8364
8460
8365
8461
8366
8462
8367
8463
8368
8464
8369
8465
8370
8466
8371
8467
8372
8468
8373
8469
8374
8470
8375
8471
8376
8472
8377
8473
8378
8474
8379
8475
8380
8476
8381
8477
8382
8478
8383
8479
8384
8480
8385
8481
8386
8482
8387
8483
8388
8484
8389
8485
8390
8486
8391
8487
8392
8488
8393
8489
8394
8490
8395
8491
8396
8492
8397
8493
8398
8494
8399
8495
8400
8496
8401
8497
8402
8498
8403
8499
8404
8500
8405
8501
8406
8502
8407
8503
8408
8504
8409
8505
8410
8506
8411
8507
8412
8508
8413
8509
8414
8510
8415
8511
8416
8512
8417
8513
8418
8514
8419
8515
8420
8516
8421
8517
8422
8518
8423
8519
8424
8520
8425
8521
8426
8522
8427
8523
8428
8524
8429
8525
8430
8526
8431
8527
8432
8528
8433
8529
8434
8530
8435
8531
8436
8532
8437
8533
8438
8534
8535
8440
8536
8441
8537
8442
8538
8443
8539
8444
8540
8445
8541
8446
8542
8447
8543
8448
8544
8449
8545
8450
8546
8451
8547
8452
8548
8453
8549
8454
8550
8455
8551
8456
8552
8457
8553
8458
8554
8459
8555
8460
8556
8461
8557
8462
8558
8463
8559
8464
8560
8465
8561
8466
8562
8467
8563
8468
8564
8469
8565
8470
8566
8471
8567
8472
8568
8473
8569
8474
8570
8475
8571
8476
8572
8477
8573
8478
8574
8479
8575
8480
8576
8481
8577
8482
8578
8483
8579
8484
8580
8485
8581
8486
8582
8487
8583
8488
8584
8489
8585
8490
8586
8491
8587
8492
8588
8493
8589
8494
8590
8495
8591
8496
8592
8497
8593
8498
8594
8499
8595
8500
8596
8501
8597
8502
8598
8503
8599
8504
8600
8505
8601
8506
8602
8507
8603
8508
8604
8509
8605
8510
8606
8511
8607
8512
8608
8513
8609
8514
8610
8515
8611
8516
8612
8517
8613
8518
8614
8519
8615
8520
8616
8521
8617
8522
8618
8523
8619
8524
8620
8525
8621
8526
8622
8527
8623
8528
8624
8529
8625
8530
8626
8531
8627
8532
8628
8533
8629
8534
8630
8535
8631
8632
8537
8633
8538
8634
8539
8635
8540
8636
8541
8637
8542
8638
8543
8639
8544
8640
8545
8641
8546
8642
8547
8643
8548
8644
8549
8645
8550
8646
8551
8647
8552
8648
8553
8649
8554
8650
8555
8651
8556
8652
8557
8653
8558
8654
8559
8655
8560
8656
8561
8657
8562
8658
8563
8659
8564
8660
8565
8661
8566
8662
8567
8663
8568
8664
8569
8665
8570
8666
8571
8667
8572
8668
8573
8669
8574
8670
8575
8671
8576
8672
8577
8673
8578
8674
8579
8675
8580
8676
8581
8677
8582
8678
8583
8679
8584
8680
8585
8681
8586
8682
8587
8683
8588
8684
8589
8685
8590
8686
8591
8687
8592
8688
8593
8689
8594
8690
8595
8691
8596
8692
8597
8693
8598
8694
8599
8695
8600
8696
8601
8697
8602
8698
8603
8699
8604
8700
8605
8701
8606
8702
8607
8703
8608
8704
8609
8705
8610
8706
8611
8707
8612
8708
8613
8709
8614
8710
8615
8711
8616
8712
8617
8713
8618
8714
8619
8715
8620
8716
8621
8717
8622
8718
8623
8719
8624
8720
8625
8721
8626
8722
8627
8723
8628
8724
8629
8725
8630
8726
8631
8727
8632
8728
8729
8634
8730
8635
8731
8636
8732
8637
8733
8638
8734
8639
8735
8640
8736
8641
8737
8642
8738
8643
8739
8644
8740
8645
8741
8646
8742
8647
8743
8648
8744
8649
8745
8650
8746
8651
8747
8652
8748
8653
8749
8654
8750
8655
8751
8656
8752
8657
8753
8658
8754
8659
8755
8660
8756
8661
8757
8662
8758
8663
8759
8664
8760
8665
8761
8666
8762
8667
8763
8668
8764
8669
8765
8670
8766
8671
8767
8672
8768
8673
8769
8674
8770
8675
8771
8676
8772
8677
8773
8678
8774
8679
8775
8680
8776
8681
8777
8682
8778
8683
8779
8684
8780
8685
8781
8686
8782
8687
8783
8688
8784
8689
8785
8690
8786
8691
8787
8692
8788
8693
8789
8694
8790
8695
8791
8696
8792
8697
8793
8698
8794
8699
8795
8700
8796
8701
8797
8702
8798
8703
8799
8704
8800
8705
8801
8706
8802
8707
8803
8708
8804
8709
8805
8710
8806
8711
8807
8712
8808
8713
8809
8714
8810
8715
8811
8716
8812
8717
8813
8718
8814
8719
8815
8720
8816
8721
8817
8722
8818
8723
8819
8724
8820
8725
8821
8726
8822
8727
8823
8728
8824
8729
8825
8826
8731
8827
8732
8828
8733
8829
8734
8830
8735
8831
8736
8832
8737
8833
8738
8834
8739
8835
8740
8836
8741
8837
8742
8838
8743
8839
8744
8840
8745
8841
8746
8842
8747
8843
8748
8844
8749
8845
8750
8846
8751
8847
8752
8848
8753
8849
8754
8850
8755
8851
8756
8852
8757
8853
8758
8854
8759
8855
8760
8856
8761
8857
8762
8858
8763
8859
8764
8860
8765
8861
8766
8862
8767
8863
8768
8864
8769
8865
8770
8866
8771
8867
8772
8868
8773
8869
8774
8870
8775
8871
8776
8872
8777
8873
8778
8874
8779
8875
8780
8876
8781
8877
8782
8878
8783
8879
8784
8880
8785
8881
8786
8882
8787
8883
8788
8884
8789
8885
8790
8886
8791
8887
8792
8888
8793
8889
8794
8890
8795
8891
8796
8892
8797
8893
8798
8894
8799
8895
8800
8896
8801
8897
8802
8898
8803
8899
8804
8900
8805
8901
8806
8902
8807
8903
8808
8904
8809
8905
8810
8906
8811
8907
8812
8908
8813
8909
8814
8910
8815
8911
8816
8912
8817
8913
8818
8914
8819
8915
8820
8916
8821
8917
8822
8918
8823
8919
8824
8920
8825
8921
8826
8922
8923
8828
8924
8829
8925
8830
8926
8831
8927
8832
8928
8833
8929
8834
8930
8835
8931
8836
8932
8837
8933
8838
8934
8839
8935
8840
8936
8841
8937
8842
8938
8843
8939
8844
8940
8845
8941
8846
8942
8847
8943
8848
8944
8849
8945
8850
8946
8851
8947
8852
8948
8853
8949
8854
8950
8855
8951
8856
8952
8857
8953
8858
8954
8859
8955
8860
8956
8861
8957
8862
8958
8863
8959
8864
8960
8865
8961
8866
8962
8867
8963
8868
8964
8869
8965
8870
8966
8871
8967
8872
8968
8873
8969
8874
8970
8875
8971
8876
8972
8877
8973
8878
8974
8879
8975
8880
8976
8881
8977
8882
8978
8883
8979
8884
8980
8885
8981
8886
8982
8887
8983
8888
8984
8889
8985
8890
8986
8891
8987
8892
8988
8893
8989
8894
8990
8895
8991
8896
8992
8897
8993
8898
8994
8899
8995
8900
8996
8901
8997
8902
8998
8903
8999
8904
9000
8905
9001
8906
9002
8907
9003
8908
9004
8909
9005
8910
9006
8911
9007
8912
9008
8913
9009
8914
9010
8915
9011
8916
9012
8917
9013
8918
9014
8919
9015
8920
9016
8921
9017
8922
9018
8923
9019
9020
8925
9021
8926
9022
8927
9023
8928
9024
8929
9025
8930
9026
8931
9027
8932
9028
8933
9029
8934
9030
8935
9031
8936
9032
8937
9033
8938
9034
8939
9035
8940
9036
8941
9037
8942
9038
8943
9039
8944
9040
8945
9041
8946
9042
8947
9043
8948
9044
8949
9045
8950
9046
8951
9047
8952
9048
8953
9049
8954
9050
8955
9051
8956
9052
8957
9053
8958
9054
8959
9055
8960
9056
8961
9057
8962
9058
8963
9059
8964
9060
8965
9061
8966
9062
8967
9063
8968
9064
8969
9065
8970
9066
8971
9067
8972
9068
8973
9069
8974
9070
8975
9071
8976
9072
8977
9073
8978
9074
8979
9075
8980
9076
8981
9077
8982
9078
8983
9079
8984
9080
8985
9081
8986
9082
8987
9083
8988
9084
8989
9085
8990
9086
8991
9087
8992
9088
8993
9089
8994
9090
8995
9091
8996
9092
8997
9093
8998
9094
8999
9095
9000
9096
9001
9097
9002
9098
9003
9099
9004
9100
9005
9101
9006
9102
9007
9103
9008
9104
9009
9105
9010
9106
9011
9107
9012
9108
9013
9109
9014
9110
9015
9111
9016
9112
9017
9113
9018
9114
9019
9115
9020
9116
9117
9022
9118
9023
9119
9024
9120
9025
9121
9026
9122
9027
9123
9028
9124
9029
9125
9030
9126
9031
9127
9032
9128
9033
9129
9034
9130
9035
9131
9036
9132
9037
9133
9038
9134
9039
9135
9040
9136
9041
9137
9042
9138
9043
9139
9044
9140
9045
9141
9046
9142
9047
9143
9048
9144
9049
9145
9050
9146
9051
9147
9052
9148
9053
9149
9054
9150
9055
9151
9056
9152
9057
9153
9058
9154
9059
9155
9060
9156
9061
9157
9062
9158
9063
9159
9064
9160
9065
9161
9066
9162
9067
9163
9068
9164
9069
9165
9070
9166
9071
9167
9072
9168
9073
9169
9074
9170
9075
9171
9076
9172
9077
9173
9078
9174
9079
9175
9080
9176
9081
9177
9082
9178
9083
9179
9084
9180
9085
9181
9086
9182
9087
9183
9088
9184
9089
9185
9090
9186
9091
9187
9092
9188
9093
9189
9094
9190
9095
9191
9096
9192
9097
9193
9098
9194
9099
9195
9100
9196
9101
9197
9102
9198
9103
9199
9104
9200
9105
9201
9106
9202
9107
9203
9108
9204
9109
9205
9110
9206
9111
9207
9112
9208
9113
9209
9114
9210
9115
9211
9116
9212
9117
9213
9214
9119
9215
9120
9216
9121
9217
9122
9218
9123
9219
9124
9220
9125
9221
9126
9222
9127
9223
9128
9224
9129
9225
9130
9226
9131
9227
9132
9228
9133
9229
9134
9230
9135
9231
9136
9232
9137
9233
9138
9234
9139
9235
9140
9236
9141
9237
9142
9238
9143
9239
9144
9240
9145
9241
9146
9242
9147
9243
9148
9244
9149
9245
9150
9246
9151
9247
9152
9248
9153
9249
9154
9250
9155
9251
9156
9252
9157
9253
9158
9254
9159
9255
9160
9256
9161
9257
9162
9258
9163
9259
9164
9260
9165
9261
9166
9262
9167
9263
9168
9264
9169
9265
9170
9266
9171
9267
9172
9268
9173
9269
9174
9270
9175
9271
9176
9272
9177
9273
9178
9274
9179
9275
9180
9276
9181
9277
9182
9278
9183
9279
9184
9280
9185
9281
9186
9282
9187
9283
9188
9284
9189
9285
9190
9286
9191
9287
9192
9288
9193
9289
9194
9290
9195
9291
9196
9292
9197
9293
9198
9294
9199
9295
9200
9296
9201
9297
9202
9298
9203
9299
9204
9300
9205
9301
9206
9302
9207
9303
9208
9304
9209
9305
9210
9306
9211
9307
9212
9308
9213
9309
9214
9310
9311
9216
9312
9217
9313
9218
9314
9219
9315
9220
9316
9221
9317
9222
9318
9223
9319
9224
9320
9225
9321
9226
9322
9227
9323
9228
9324
9229
9325
9230
9326
9231
9327
9232
9328
9233
9329
9234
9330
9235
9331
9236
9332
9237
9333
9238
9334
9239
9335
9240
9336
9241
9337
9242
9338
9243
9339
9244
9340
9245
9341
9246
9342
9247
9343
9248
9344
9249
9345
9250
9346
9251
9347
9252
9348
9253
9349
9254
9350
9255
9351
9256
9352
9257
9353
9258
9354
9259
9355
9260
9356
9261
9357
9262
9358
9263
9359
9264
9360
9265
9361
9266
9362
9267
9363
9268
9364
9269
9365
9270
9366
9271
9367
9272
9368
9273
9369
9274
9370
9275
9371
9276
9372
9277
9373
9278
9374
9279
9375
9280
9376
9281
9377
9282
9378
9283
9379
9284
9380
9285
9381
9286
9382
9287
9383
9288
9384
9289
9385
9290
9386
9291
9387
9292
9388
9293
9389
9294
9390
9295
9391
9296
9392
9297
9393
9298
9394
9299
9395
9300
9396
9301
9397
9302
9398
9303
9399
9304
9400
9305
9401
9306
9402
9307
9403
9308
9404
9309
9405
9310
9406
9311
9407
9408
9313
9409
9314
9410
9315
9411
9316
9412
9317
9413
9318
9414
9319
9415
9320
9416
9321
9417
9322
9418
9323
9419
9324
9420
9325
9421
9326
9422
9327
9423
9328
9424
9329
9425
9330
9426
9331
9427
9332
9428
9333
9429
9334
9430
9335
9431
9336
9432
9337
9433
9338
9434
9339
9435
9340
9436
9341
9437
9342
9438
9343
9439
9344
9440
9345
9441
9346
9442
9347
9443
9348
9444
9349
9445
9350
9446
9351
9447
9352
9448
9353
9449
9354
9450
9355
9451
9356
9452
9357
9453
9358
9454
9359
9455
9360
9456
9361
9457
9362
9458
9363
9459
9364
9460
9365
9461
9366
9462
9367
9463
9368
9464
9369
9465
9370
9466
9371
9467
9372
9468
9373
9469
9374
9470
9375
9471
9376
9472
9377
9473
9378
9474
9379
9475
9380
9476
9381
9477
9382
9478
9383
9479
9384
9480
9385
9481
9386
9482
9387
9483
9388
9484
9389
9485
9390
9486
9391
9487
9392
9488
9393
9489
9394
9490
9395
9491
9396
9492
9397
9493
9398
9494
9399
9495
9400
9496
9401
9497
9402
9498
9403
9499
9404
9500
9405
9501
9406
9502
9407
9503
9408
9504
9505
9410
9506
9411
9507
9412
9508
9413
9509
9414
9510
9415
9511
9416
9512
9417
9513
9418
9514
9419
9515
9420
9516
9421
9517
9422
9518
9423
9519
9424
9520
9425
9521
9426
9522
9427
9523
9428
9524
9429
9525
9430
9526
9431
9527
9432
9528
9433
9529
9434
9530
9435
9531
9436
9532
9437
9533
9438
9534
9439
9535
9440
9536
9441
9537
9442
9538
9443
9539
9444
9540
9445
9541
9446
9542
9447
9543
9448
9544
9449
9545
9450
9546
9451
9547
9452
9548
9453
9549
9454
9550
9455
9551
9456
9552
9457
9553
9458
9554
9459
9555
9460
9556
9461
9557
9462
9558
9463
9559
9464
9560
9465
9561
9466
9562
9467
9563
9468
9564
9469
9565
9470
9566
9471
9567
9472
9568
9473
9569
9474
9570
9475
9571
9476
9572
9477
9573
9478
9574
9479
9575
9480
9576
9481
9577
9482
9578
9483
9579
9484
9580
9485
9581
9486
9582
9487
9583
9488
9584
9489
9585
9490
9586
9491
9587
9492
9588
9493
9589
9494
9590
9495
9591
9496
9592
9497
9593
9498
9594
9499
9595
9500
9596
9501
9597
9502
9598
9503
9599
9504
9600
9505
9601
9602
9507
9603
9508
9604
9509
9605
9510
9606
9511
9607
9512
9608
9513
9609
9514
9610
9515
9611
9516
9612
9517
9613
9518
9614
9519
9615
9520
9616
9521
9617
9522
9618
9523
9619
9524
9620
9525
9621
9526
9622
9527
9623
9528
9624
9529
9625
9530
9626
9531
9627
9532
9628
9533
9629
9534
9630
9535
9631
9536
9632
9537
9633
9538
9634
9539
9635
9540
9636
9541
9637
9542
9638
9543
9639
9544
9640
9545
9641
9546
9642
9547
9643
9548
9644
9549
9645
9550
9646
9551
9647
9552
9648
9553
9649
9554
9650
9555
9651
9556
9652
9557
9653
9558
9654
9559
9655
9560
9656
9561
9657
9562
9658
9563
9659
9564
9660
9565
9661
9566
9662
9567
9663
9568
9664
9569
9665
9570
9666
9571
9667
9572
9668
9573
9669
9574
9670
9575
9671
9576
9672
9577
9673
9578
9674
9579
9675
9580
9676
9581
9677
9582
9678
9583
9679
9584
9680
9585
9681
9586
9682
9587
9683
9588
9684
9589
9685
9590
9686
9591
9687
9592
9688
9593
9689
9594
9690
9595
9691
9596
9692
9597
9693
9598
9694
9599
9695
9600
9696
9601
9697
9602
9698
9699
9604
9605
9606
9607
9608
9609
9610
9611
9612
9613
9614
9615
9616
9617
9618
9619
9620
9621
9622
9623
9624
9625
9626
9627
9628
9629
9630
9631
9632
9633
9634
9635
9636
9637
9638
9639
9640
9641
9642
9643
9644
9645
9646
9647
9648
9649
9650
9651
9652
9653
9654
9655
9656
9657
9658
9659
9660
9661
9662
9663
9664
9665
9666
9667
9668
9669
9670
9671
9672
9673
9674
9675
9676
9677
9678
9679
9680
9681
9682
9683
9684
9685
9686
9687
9688
9689
9690
9691
9692
9693
9694
9695
9696
9697
9698
9699
)


// ************************************************************************* //
